100 30
0 1 2.0
0 2 1.0
0 3 3.0
0 4 3.0
0 5 5.0
0 6 1.0
0 7 6.0
0 8 1.0
0 9 1.0
0 10 1.0
0 11 0.0
0 12 0.0
0 13 0.0
0 14 7.0
0 15 0.0
0 16 7.0
0 17 4.0
0 18 0.0
0 19 6.0
0 20 0.0
0 21 0.0
0 22 8.0
0 23 2.0
0 24 7.0
0 25 2.0
0 26 5.0
0 27 7.0
0 28 7.0
0 29 9.0
0 30 8.0
0 31 2.0
0 32 5.0
0 33 4.0
0 34 7.0
0 35 5.0
0 36 6.0
0 37 1.0
0 38 0.0
0 39 3.0
0 40 0.0
0 41 2.0
0 42 3.0
0 43 0.0
0 44 0.0
0 45 5.0
0 46 7.0
0 47 5.0
0 48 5.0
0 49 0.0
0 50 7.0
0 51 4.0
0 52 1.0
0 53 5.0
0 54 8.0
0 55 1.0
0 56 5.0
0 57 2.0
0 58 9.0
0 59 2.0
0 60 6.0
0 61 4.0
0 62 3.0
0 63 3.0
0 64 6.0
0 65 5.0
0 66 9.0
0 67 4.0
0 68 2.0
0 69 4.0
0 70 8.0
0 71 9.0
0 72 3.0
0 73 1.0
0 74 6.0
0 75 0.0
0 76 5.0
0 77 1.0
0 78 6.0
0 79 3.0
0 80 7.0
0 81 1.0
0 82 7.0
0 83 3.0
0 84 7.0
0 85 5.0
0 86 9.0
0 87 1.0
0 88 7.0
0 89 8.0
0 90 8.0
0 91 7.0
0 92 2.0
0 93 1.0
0 94 7.0
0 95 8.0
0 96 9.0
0 97 2.0
0 98 1.0
0 99 7.0
1 2 7.0
1 3 9.0
1 4 2.0
1 5 0.0
1 6 0.0
1 7 7.0
1 8 9.0
1 9 9.0
1 10 2.0
1 11 1.0
1 12 6.0
1 13 5.0
1 14 3.0
1 15 9.0
1 16 1.0
1 17 1.0
1 18 6.0
1 19 5.0
1 20 6.0
1 21 2.0
1 22 2.0
1 23 1.0
1 24 8.0
1 25 7.0
1 26 4.0
1 27 7.0
1 28 9.0
1 29 7.0
1 30 4.0
1 31 0.0
1 32 4.0
1 33 1.0
1 34 1.0
1 35 4.0
1 36 5.0
1 37 6.0
1 38 9.0
1 39 4.0
1 40 7.0
1 41 3.0
1 42 4.0
1 43 6.0
1 44 5.0
1 45 5.0
1 46 0.0
1 47 5.0
1 48 5.0
1 49 5.0
1 50 3.0
1 51 2.0
1 52 1.0
1 53 0.0
1 54 6.0
1 55 3.0
1 56 4.0
1 57 5.0
1 58 5.0
1 59 6.0
1 60 9.0
1 61 4.0
1 62 7.0
1 63 7.0
1 64 1.0
1 65 1.0
1 66 8.0
1 67 4.0
1 68 4.0
1 69 1.0
1 70 5.0
1 71 6.0
1 72 2.0
1 73 5.0
1 74 1.0
1 75 3.0
1 76 7.0
1 77 4.0
1 78 4.0
1 79 5.0
1 80 6.0
1 81 0.0
1 82 7.0
1 83 4.0
1 84 3.0
1 85 3.0
1 86 1.0
1 87 2.0
1 88 2.0
1 89 8.0
1 90 7.0
1 91 4.0
1 92 8.0
1 93 8.0
1 94 0.0
1 95 6.0
1 96 0.0
1 97 1.0
1 98 5.0
1 99 6.0
2 3 6.0
2 4 7.0
2 5 5.0
2 6 5.0
2 7 9.0
2 8 4.0
2 9 1.0
2 10 6.0
2 11 2.0
2 12 6.0
2 13 3.0
2 14 1.0
2 15 7.0
2 16 5.0
2 17 1.0
2 18 4.0
2 19 3.0
2 20 3.0
2 21 2.0
2 22 0.0
2 23 1.0
2 24 0.0
2 25 6.0
2 26 9.0
2 27 2.0
2 28 3.0
2 29 6.0
2 30 6.0
2 31 1.0
2 32 8.0
2 33 6.0
2 34 6.0
2 35 8.0
2 36 9.0
2 37 1.0
2 38 1.0
2 39 2.0
2 40 7.0
2 41 8.0
2 42 3.0
2 43 3.0
2 44 8.0
2 45 3.0
2 46 7.0
2 47 0.0
2 48 3.0
2 49 5.0
2 50 5.0
2 51 2.0
2 52 1.0
2 53 3.0
2 54 3.0
2 55 3.0
2 56 2.0
2 57 9.0
2 58 2.0
2 59 4.0
2 60 5.0
2 61 2.0
2 62 8.0
2 63 4.0
2 64 2.0
2 65 6.0
2 66 9.0
2 67 8.0
2 68 9.0
2 69 7.0
2 70 1.0
2 71 7.0
2 72 3.0
2 73 9.0
2 74 7.0
2 75 8.0
2 76 1.0
2 77 0.0
2 78 2.0
2 79 7.0
2 80 1.0
2 81 3.0
2 82 1.0
2 83 4.0
2 84 2.0
2 85 0.0
2 86 8.0
2 87 7.0
2 88 7.0
2 89 3.0
2 90 8.0
2 91 8.0
2 92 5.0
2 93 6.0
2 94 0.0
2 95 7.0
2 96 1.0
2 97 2.0
2 98 6.0
2 99 2.0
3 4 1.0
3 5 6.0
3 6 0.0
3 7 0.0
3 8 8.0
3 9 1.0
3 10 4.0
3 11 3.0
3 12 5.0
3 13 2.0
3 14 0.0
3 15 6.0
3 16 9.0
3 17 8.0
3 18 7.0
3 19 7.0
3 20 5.0
3 21 8.0
3 22 2.0
3 23 0.0
3 24 4.0
3 25 0.0
3 26 0.0
3 27 8.0
3 28 7.0
3 29 8.0
3 30 6.0
3 31 8.0
3 32 9.0
3 33 2.0
3 34 1.0
3 35 5.0
3 36 6.0
3 37 8.0
3 38 7.0
3 39 6.0
3 40 3.0
3 41 1.0
3 42 6.0
3 43 7.0
3 44 9.0
3 45 8.0
3 46 5.0
3 47 1.0
3 48 8.0
3 49 0.0
3 50 2.0
3 51 6.0
3 52 8.0
3 53 9.0
3 54 9.0
3 55 2.0
3 56 6.0
3 57 9.0
3 58 0.0
3 59 5.0
3 60 4.0
3 61 0.0
3 62 3.0
3 63 7.0
3 64 2.0
3 65 1.0
3 66 1.0
3 67 5.0
3 68 7.0
3 69 2.0
3 70 0.0
3 71 1.0
3 72 5.0
3 73 4.0
3 74 1.0
3 75 7.0
3 76 4.0
3 77 6.0
3 78 0.0
3 79 0.0
3 80 1.0
3 81 4.0
3 82 5.0
3 83 5.0
3 84 8.0
3 85 8.0
3 86 1.0
3 87 9.0
3 88 5.0
3 89 7.0
3 90 9.0
3 91 4.0
3 92 4.0
3 93 5.0
3 94 5.0
3 95 4.0
3 96 5.0
3 97 2.0
3 98 7.0
3 99 0.0
4 5 8.0
4 6 8.0
4 7 8.0
4 8 4.0
4 9 1.0
4 10 8.0
4 11 0.0
4 12 8.0
4 13 2.0
4 14 8.0
4 15 7.0
4 16 5.0
4 17 3.0
4 18 7.0
4 19 6.0
4 20 6.0
4 21 7.0
4 22 2.0
4 23 4.0
4 24 9.0
4 25 4.0
4 26 0.0
4 27 6.0
4 28 4.0
4 29 4.0
4 30 6.0
4 31 6.0
4 32 3.0
4 33 8.0
4 34 1.0
4 35 4.0
4 36 3.0
4 37 0.0
4 38 8.0
4 39 8.0
4 40 1.0
4 41 6.0
4 42 9.0
4 43 8.0
4 44 8.0
4 45 5.0
4 46 7.0
4 47 4.0
4 48 9.0
4 49 7.0
4 50 7.0
4 51 1.0
4 52 7.0
4 53 9.0
4 54 1.0
4 55 6.0
4 56 4.0
4 57 6.0
4 58 4.0
4 59 1.0
4 60 4.0
4 61 3.0
4 62 5.0
4 63 2.0
4 64 0.0
4 65 0.0
4 66 2.0
4 67 0.0
4 68 4.0
4 69 9.0
4 70 3.0
4 71 8.0
4 72 6.0
4 73 2.0
4 74 5.0
4 75 8.0
4 76 0.0
4 77 0.0
4 78 7.0
4 79 3.0
4 80 1.0
4 81 1.0
4 82 1.0
4 83 2.0
4 84 2.0
4 85 4.0
4 86 1.0
4 87 0.0
4 88 6.0
4 89 8.0
4 90 2.0
4 91 5.0
4 92 8.0
4 93 1.0
4 94 7.0
4 95 3.0
4 96 1.0
4 97 6.0
4 98 8.0
4 99 6.0
5 6 6.0
5 7 8.0
5 8 3.0
5 9 2.0
5 10 8.0
5 11 0.0
5 12 3.0
5 13 8.0
5 14 1.0
5 15 6.0
5 16 0.0
5 17 5.0
5 18 5.0
5 19 4.0
5 20 9.0
5 21 0.0
5 22 6.0
5 23 4.0
5 24 2.0
5 25 5.0
5 26 7.0
5 27 9.0
5 28 7.0
5 29 5.0
5 30 6.0
5 31 9.0
5 32 6.0
5 33 7.0
5 34 9.0
5 35 5.0
5 36 7.0
5 37 1.0
5 38 8.0
5 39 5.0
5 40 7.0
5 41 5.0
5 42 5.0
5 43 9.0
5 44 8.0
5 45 9.0
5 46 2.0
5 47 1.0
5 48 6.0
5 49 7.0
5 50 2.0
5 51 7.0
5 52 8.0
5 53 1.0
5 54 5.0
5 55 1.0
5 56 9.0
5 57 0.0
5 58 1.0
5 59 5.0
5 60 9.0
5 61 3.0
5 62 7.0
5 63 6.0
5 64 6.0
5 65 0.0
5 66 2.0
5 67 3.0
5 68 6.0
5 69 3.0
5 70 9.0
5 71 1.0
5 72 8.0
5 73 7.0
5 74 2.0
5 75 4.0
5 76 5.0
5 77 6.0
5 78 5.0
5 79 8.0
5 80 5.0
5 81 3.0
5 82 3.0
5 83 3.0
5 84 2.0
5 85 9.0
5 86 7.0
5 87 2.0
5 88 3.0
5 89 9.0
5 90 8.0
5 91 1.0
5 92 9.0
5 93 2.0
5 94 6.0
5 95 6.0
5 96 0.0
5 97 5.0
5 98 3.0
5 99 7.0
6 7 6.0
6 8 3.0
6 9 4.0
6 10 7.0
6 11 6.0
6 12 8.0
6 13 7.0
6 14 4.0
6 15 2.0
6 16 1.0
6 17 2.0
6 18 5.0
6 19 9.0
6 20 3.0
6 21 2.0
6 22 7.0
6 23 0.0
6 24 9.0
6 25 9.0
6 26 5.0
6 27 6.0
6 28 0.0
6 29 1.0
6 30 9.0
6 31 2.0
6 32 5.0
6 33 6.0
6 34 5.0
6 35 8.0
6 36 1.0
6 37 6.0
6 38 7.0
6 39 9.0
6 40 8.0
6 41 8.0
6 42 1.0
6 43 5.0
6 44 2.0
6 45 6.0
6 46 5.0
6 47 1.0
6 48 5.0
6 49 2.0
6 50 1.0
6 51 6.0
6 52 5.0
6 53 0.0
6 54 6.0
6 55 7.0
6 56 2.0
6 57 2.0
6 58 0.0
6 59 8.0
6 60 5.0
6 61 3.0
6 62 1.0
6 63 4.0
6 64 8.0
6 65 9.0
6 66 2.0
6 67 3.0
6 68 1.0
6 69 8.0
6 70 9.0
6 71 2.0
6 72 4.0
6 73 2.0
6 74 9.0
6 75 7.0
6 76 5.0
6 77 5.0
6 78 2.0
6 79 6.0
6 80 5.0
6 81 4.0
6 82 0.0
6 83 5.0
6 84 1.0
6 85 5.0
6 86 4.0
6 87 3.0
6 88 9.0
6 89 7.0
6 90 6.0
6 91 6.0
6 92 5.0
6 93 2.0
6 94 7.0
6 95 7.0
6 96 2.0
6 97 6.0
6 98 3.0
6 99 9.0
7 8 2.0
7 9 9.0
7 10 7.0
7 11 5.0
7 12 0.0
7 13 9.0
7 14 2.0
7 15 9.0
7 16 2.0
7 17 5.0
7 18 5.0
7 19 9.0
7 20 0.0
7 21 1.0
7 22 9.0
7 23 1.0
7 24 3.0
7 25 3.0
7 26 8.0
7 27 1.0
7 28 3.0
7 29 0.0
7 30 4.0
7 31 0.0
7 32 5.0
7 33 9.0
7 34 1.0
7 35 4.0
7 36 4.0
7 37 7.0
7 38 9.0
7 39 4.0
7 40 2.0
7 41 3.0
7 42 0.0
7 43 9.0
7 44 7.0
7 45 8.0
7 46 1.0
7 47 2.0
7 48 8.0
7 49 0.0
7 50 6.0
7 51 2.0
7 52 2.0
7 53 2.0
7 54 9.0
7 55 7.0
7 56 0.0
7 57 6.0
7 58 3.0
7 59 9.0
7 60 0.0
7 61 2.0
7 62 6.0
7 63 4.0
7 64 2.0
7 65 8.0
7 66 4.0
7 67 0.0
7 68 8.0
7 69 3.0
7 70 8.0
7 71 1.0
7 72 1.0
7 73 6.0
7 74 8.0
7 75 3.0
7 76 5.0
7 77 0.0
7 78 2.0
7 79 8.0
7 80 6.0
7 81 7.0
7 82 5.0
7 83 2.0
7 84 3.0
7 85 3.0
7 86 8.0
7 87 0.0
7 88 7.0
7 89 0.0
7 90 5.0
7 91 3.0
7 92 8.0
7 93 4.0
7 94 7.0
7 95 7.0
7 96 0.0
7 97 9.0
7 98 2.0
7 99 1.0
8 9 5.0
8 10 2.0
8 11 8.0
8 12 9.0
8 13 1.0
8 14 2.0
8 15 9.0
8 16 3.0
8 17 9.0
8 18 4.0
8 19 4.0
8 20 1.0
8 21 0.0
8 22 1.0
8 23 4.0
8 24 1.0
8 25 9.0
8 26 6.0
8 27 4.0
8 28 7.0
8 29 6.0
8 30 7.0
8 31 4.0
8 32 4.0
8 33 0.0
8 34 7.0
8 35 7.0
8 36 0.0
8 37 9.0
8 38 7.0
8 39 0.0
8 40 9.0
8 41 6.0
8 42 9.0
8 43 7.0
8 44 0.0
8 45 0.0
8 46 9.0
8 47 4.0
8 48 3.0
8 49 0.0
8 50 5.0
8 51 5.0
8 52 3.0
8 53 6.0
8 54 8.0
8 55 2.0
8 56 8.0
8 57 1.0
8 58 6.0
8 59 8.0
8 60 8.0
8 61 1.0
8 62 3.0
8 63 9.0
8 64 5.0
8 65 5.0
8 66 0.0
8 67 6.0
8 68 5.0
8 69 5.0
8 70 4.0
8 71 9.0
8 72 3.0
8 73 2.0
8 74 9.0
8 75 8.0
8 76 8.0
8 77 8.0
8 78 9.0
8 79 0.0
8 80 4.0
8 81 4.0
8 82 0.0
8 83 4.0
8 84 9.0
8 85 6.0
8 86 3.0
8 87 9.0
8 88 4.0
8 89 1.0
8 90 6.0
8 91 4.0
8 92 0.0
8 93 2.0
8 94 4.0
8 95 6.0
8 96 1.0
8 97 8.0
8 98 2.0
8 99 1.0
9 10 4.0
9 11 5.0
9 12 5.0
9 13 9.0
9 14 6.0
9 15 5.0
9 16 9.0
9 17 7.0
9 18 6.0
9 19 7.0
9 20 2.0
9 21 1.0
9 22 9.0
9 23 0.0
9 24 7.0
9 25 9.0
9 26 6.0
9 27 5.0
9 28 3.0
9 29 8.0
9 30 7.0
9 31 9.0
9 32 3.0
9 33 3.0
9 34 7.0
9 35 6.0
9 36 2.0
9 37 4.0
9 38 0.0
9 39 2.0
9 40 3.0
9 41 2.0
9 42 0.0
9 43 9.0
9 44 4.0
9 45 5.0
9 46 5.0
9 47 6.0
9 48 2.0
9 49 3.0
9 50 4.0
9 51 4.0
9 52 6.0
9 53 1.0
9 54 8.0
9 55 5.0
9 56 7.0
9 57 9.0
9 58 4.0
9 59 2.0
9 60 0.0
9 61 2.0
9 62 6.0
9 63 8.0
9 64 9.0
9 65 3.0
9 66 5.0
9 67 3.0
9 68 9.0
9 69 6.0
9 70 0.0
9 71 9.0
9 72 5.0
9 73 4.0
9 74 2.0
9 75 3.0
9 76 1.0
9 77 9.0
9 78 2.0
9 79 6.0
9 80 5.0
9 81 3.0
9 82 7.0
9 83 3.0
9 84 5.0
9 85 0.0
9 86 8.0
9 87 6.0
9 88 6.0
9 89 3.0
9 90 4.0
9 91 6.0
9 92 0.0
9 93 2.0
9 94 1.0
9 95 3.0
9 96 5.0
9 97 4.0
9 98 1.0
9 99 1.0
10 11 1.0
10 12 4.0
10 13 0.0
10 14 0.0
10 15 6.0
10 16 6.0
10 17 2.0
10 18 8.0
10 19 6.0
10 20 5.0
10 21 9.0
10 22 9.0
10 23 7.0
10 24 0.0
10 25 7.0
10 26 6.0
10 27 3.0
10 28 9.0
10 29 4.0
10 30 1.0
10 31 3.0
10 32 9.0
10 33 6.0
10 34 7.0
10 35 9.0
10 36 1.0
10 37 4.0
10 38 5.0
10 39 3.0
10 40 6.0
10 41 1.0
10 42 1.0
10 43 4.0
10 44 3.0
10 45 3.0
10 46 0.0
10 47 0.0
10 48 4.0
10 49 0.0
10 50 4.0
10 51 7.0
10 52 6.0
10 53 9.0
10 54 8.0
10 55 1.0
10 56 8.0
10 57 8.0
10 58 0.0
10 59 8.0
10 60 9.0
10 61 8.0
10 62 7.0
10 63 2.0
10 64 1.0
10 65 8.0
10 66 7.0
10 67 1.0
10 68 3.0
10 69 5.0
10 70 8.0
10 71 1.0
10 72 0.0
10 73 0.0
10 74 5.0
10 75 6.0
10 76 5.0
10 77 4.0
10 78 1.0
10 79 8.0
10 80 6.0
10 81 1.0
10 82 9.0
10 83 2.0
10 84 1.0
10 85 3.0
10 86 6.0
10 87 2.0
10 88 4.0
10 89 7.0
10 90 0.0
10 91 3.0
10 92 8.0
10 93 4.0
10 94 7.0
10 95 4.0
10 96 0.0
10 97 5.0
10 98 0.0
10 99 4.0
11 12 5.0
11 13 2.0
11 14 5.0
11 15 8.0
11 16 1.0
11 17 1.0
11 18 3.0
11 19 8.0
11 20 6.0
11 21 3.0
11 22 8.0
11 23 9.0
11 24 9.0
11 25 5.0
11 26 9.0
11 27 4.0
11 28 8.0
11 29 8.0
11 30 9.0
11 31 9.0
11 32 4.0
11 33 9.0
11 34 7.0
11 35 8.0
11 36 0.0
11 37 5.0
11 38 1.0
11 39 4.0
11 40 2.0
11 41 5.0
11 42 3.0
11 43 8.0
11 44 4.0
11 45 3.0
11 46 1.0
11 47 4.0
11 48 7.0
11 49 5.0
11 50 1.0
11 51 2.0
11 52 9.0
11 53 8.0
11 54 6.0
11 55 6.0
11 56 3.0
11 57 0.0
11 58 1.0
11 59 9.0
11 60 6.0
11 61 6.0
11 62 4.0
11 63 9.0
11 64 0.0
11 65 2.0
11 66 7.0
11 67 6.0
11 68 2.0
11 69 0.0
11 70 2.0
11 71 9.0
11 72 7.0
11 73 5.0
11 74 8.0
11 75 4.0
11 76 0.0
11 77 7.0
11 78 0.0
11 79 1.0
11 80 8.0
11 81 1.0
11 82 2.0
11 83 9.0
11 84 3.0
11 85 2.0
11 86 1.0
11 87 3.0
11 88 4.0
11 89 1.0
11 90 3.0
11 91 0.0
11 92 8.0
11 93 5.0
11 94 2.0
11 95 8.0
11 96 8.0
11 97 0.0
11 98 1.0
11 99 7.0
12 13 2.0
12 14 3.0
12 15 8.0
12 16 6.0
12 17 7.0
12 18 3.0
12 19 7.0
12 20 3.0
12 21 6.0
12 22 9.0
12 23 3.0
12 24 8.0
12 25 8.0
12 26 2.0
12 27 8.0
12 28 9.0
12 29 0.0
12 30 0.0
12 31 4.0
12 32 1.0
12 33 8.0
12 34 2.0
12 35 3.0
12 36 3.0
12 37 7.0
12 38 2.0
12 39 5.0
12 40 7.0
12 41 8.0
12 42 8.0
12 43 8.0
12 44 4.0
12 45 6.0
12 46 1.0
12 47 6.0
12 48 6.0
12 49 0.0
12 50 3.0
12 51 3.0
12 52 3.0
12 53 0.0
12 54 0.0
12 55 7.0
12 56 4.0
12 57 3.0
12 58 3.0
12 59 1.0
12 60 5.0
12 61 7.0
12 62 4.0
12 63 4.0
12 64 2.0
12 65 7.0
12 66 3.0
12 67 4.0
12 68 2.0
12 69 0.0
12 70 3.0
12 71 2.0
12 72 2.0
12 73 3.0
12 74 6.0
12 75 6.0
12 76 7.0
12 77 8.0
12 78 7.0
12 79 1.0
12 80 0.0
12 81 0.0
12 82 2.0
12 83 0.0
12 84 7.0
12 85 5.0
12 86 2.0
12 87 3.0
12 88 4.0
12 89 2.0
12 90 1.0
12 91 2.0
12 92 1.0
12 93 7.0
12 94 8.0
12 95 3.0
12 96 1.0
12 97 9.0
12 98 8.0
12 99 6.0
13 14 4.0
13 15 2.0
13 16 1.0
13 17 0.0
13 18 4.0
13 19 3.0
13 20 1.0
13 21 4.0
13 22 4.0
13 23 3.0
13 24 3.0
13 25 4.0
13 26 5.0
13 27 5.0
13 28 5.0
13 29 2.0
13 30 9.0
13 31 1.0
13 32 5.0
13 33 7.0
13 34 5.0
13 35 5.0
13 36 9.0
13 37 5.0
13 38 3.0
13 39 9.0
13 40 3.0
13 41 2.0
13 42 2.0
13 43 9.0
13 44 3.0
13 45 4.0
13 46 5.0
13 47 3.0
13 48 7.0
13 49 0.0
13 50 7.0
13 51 3.0
13 52 7.0
13 53 1.0
13 54 7.0
13 55 9.0
13 56 9.0
13 57 2.0
13 58 2.0
13 59 8.0
13 60 4.0
13 61 6.0
13 62 5.0
13 63 6.0
13 64 9.0
13 65 0.0
13 66 7.0
13 67 8.0
13 68 2.0
13 69 5.0
13 70 9.0
13 71 0.0
13 72 6.0
13 73 4.0
13 74 2.0
13 75 7.0
13 76 8.0
13 77 0.0
13 78 4.0
13 79 2.0
13 80 7.0
13 81 4.0
13 82 8.0
13 83 6.0
13 84 2.0
13 85 6.0
13 86 5.0
13 87 5.0
13 88 0.0
13 89 3.0
13 90 6.0
13 91 9.0
13 92 1.0
13 93 8.0
13 94 8.0
13 95 3.0
13 96 1.0
13 97 6.0
13 98 2.0
13 99 3.0
14 15 8.0
14 16 4.0
14 17 9.0
14 18 5.0
14 19 1.0
14 20 5.0
14 21 9.0
14 22 9.0
14 23 4.0
14 24 8.0
14 25 8.0
14 26 8.0
14 27 8.0
14 28 1.0
14 29 4.0
14 30 1.0
14 31 5.0
14 32 5.0
14 33 3.0
14 34 8.0
14 35 7.0
14 36 8.0
14 37 8.0
14 38 4.0
14 39 3.0
14 40 8.0
14 41 8.0
14 42 2.0
14 43 2.0
14 44 6.0
14 45 3.0
14 46 2.0
14 47 7.0
14 48 0.0
14 49 5.0
14 50 6.0
14 51 3.0
14 52 4.0
14 53 3.0
14 54 8.0
14 55 7.0
14 56 1.0
14 57 7.0
14 58 6.0
14 59 6.0
14 60 5.0
14 61 8.0
14 62 4.0
14 63 2.0
14 64 4.0
14 65 7.0
14 66 5.0
14 67 6.0
14 68 8.0
14 69 8.0
14 70 5.0
14 71 0.0
14 72 3.0
14 73 6.0
14 74 8.0
14 75 9.0
14 76 3.0
14 77 8.0
14 78 6.0
14 79 2.0
14 80 5.0
14 81 3.0
14 82 4.0
14 83 9.0
14 84 8.0
14 85 5.0
14 86 7.0
14 87 9.0
14 88 2.0
14 89 6.0
14 90 9.0
14 91 2.0
14 92 1.0
14 93 5.0
14 94 7.0
14 95 2.0
14 96 0.0
14 97 5.0
14 98 2.0
14 99 5.0
15 16 9.0
15 17 2.0
15 18 8.0
15 19 7.0
15 20 7.0
15 21 2.0
15 22 9.0
15 23 7.0
15 24 5.0
15 25 3.0
15 26 1.0
15 27 7.0
15 28 9.0
15 29 7.0
15 30 6.0
15 31 3.0
15 32 9.0
15 33 2.0
15 34 4.0
15 35 9.0
15 36 9.0
15 37 2.0
15 38 1.0
15 39 2.0
15 40 4.0
15 41 2.0
15 42 9.0
15 43 6.0
15 44 7.0
15 45 6.0
15 46 2.0
15 47 3.0
15 48 1.0
15 49 3.0
15 50 6.0
15 51 0.0
15 52 4.0
15 53 6.0
15 54 3.0
15 55 0.0
15 56 4.0
15 57 7.0
15 58 9.0
15 59 4.0
15 60 3.0
15 61 3.0
15 62 9.0
15 63 5.0
15 64 2.0
15 65 5.0
15 66 2.0
15 67 1.0
15 68 6.0
15 69 5.0
15 70 3.0
15 71 9.0
15 72 2.0
15 73 4.0
15 74 3.0
15 75 3.0
15 76 5.0
15 77 5.0
15 78 3.0
15 79 7.0
15 80 9.0
15 81 3.0
15 82 1.0
15 83 1.0
15 84 2.0
15 85 4.0
15 86 1.0
15 87 6.0
15 88 2.0
15 89 2.0
15 90 0.0
15 91 2.0
15 92 2.0
15 93 9.0
15 94 0.0
15 95 4.0
15 96 8.0
15 97 7.0
15 98 7.0
15 99 7.0
16 17 9.0
16 18 1.0
16 19 7.0
16 20 2.0
16 21 3.0
16 22 8.0
16 23 6.0
16 24 2.0
16 25 2.0
16 26 6.0
16 27 3.0
16 28 0.0
16 29 1.0
16 30 1.0
16 31 5.0
16 32 1.0
16 33 5.0
16 34 6.0
16 35 1.0
16 36 3.0
16 37 7.0
16 38 9.0
16 39 4.0
16 40 1.0
16 41 2.0
16 42 1.0
16 43 7.0
16 44 7.0
16 45 6.0
16 46 3.0
16 47 7.0
16 48 9.0
16 49 0.0
16 50 4.0
16 51 5.0
16 52 5.0
16 53 3.0
16 54 3.0
16 55 5.0
16 56 6.0
16 57 4.0
16 58 8.0
16 59 9.0
16 60 4.0
16 61 3.0
16 62 8.0
16 63 4.0
16 64 5.0
16 65 2.0
16 66 0.0
16 67 2.0
16 68 8.0
16 69 1.0
16 70 0.0
16 71 6.0
16 72 9.0
16 73 8.0
16 74 0.0
16 75 1.0
16 76 4.0
16 77 9.0
16 78 0.0
16 79 4.0
16 80 1.0
16 81 3.0
16 82 8.0
16 83 9.0
16 84 7.0
16 85 8.0
16 86 0.0
16 87 0.0
16 88 1.0
16 89 9.0
16 90 2.0
16 91 6.0
16 92 7.0
16 93 9.0
16 94 8.0
16 95 5.0
16 96 1.0
16 97 4.0
16 98 2.0
16 99 4.0
17 18 8.0
17 19 6.0
17 20 7.0
17 21 2.0
17 22 7.0
17 23 7.0
17 24 8.0
17 25 1.0
17 26 0.0
17 27 9.0
17 28 6.0
17 29 3.0
17 30 3.0
17 31 4.0
17 32 2.0
17 33 5.0
17 34 4.0
17 35 8.0
17 36 0.0
17 37 8.0
17 38 5.0
17 39 9.0
17 40 6.0
17 41 6.0
17 42 6.0
17 43 7.0
17 44 2.0
17 45 4.0
17 46 9.0
17 47 5.0
17 48 8.0
17 49 0.0
17 50 6.0
17 51 6.0
17 52 5.0
17 53 6.0
17 54 4.0
17 55 8.0
17 56 4.0
17 57 2.0
17 58 0.0
17 59 8.0
17 60 3.0
17 61 2.0
17 62 5.0
17 63 0.0
17 64 5.0
17 65 4.0
17 66 0.0
17 67 7.0
17 68 5.0
17 69 3.0
17 70 4.0
17 71 9.0
17 72 3.0
17 73 4.0
17 74 2.0
17 75 1.0
17 76 6.0
17 77 8.0
17 78 6.0
17 79 3.0
17 80 1.0
17 81 1.0
17 82 2.0
17 83 3.0
17 84 4.0
17 85 8.0
17 86 3.0
17 87 7.0
17 88 4.0
17 89 5.0
17 90 0.0
17 91 3.0
17 92 4.0
17 93 1.0
17 94 1.0
17 95 7.0
17 96 3.0
17 97 4.0
17 98 6.0
17 99 3.0
18 19 2.0
18 20 1.0
18 21 6.0
18 22 8.0
18 23 9.0
18 24 1.0
18 25 4.0
18 26 7.0
18 27 9.0
18 28 0.0
18 29 4.0
18 30 6.0
18 31 3.0
18 32 7.0
18 33 2.0
18 34 1.0
18 35 0.0
18 36 8.0
18 37 5.0
18 38 0.0
18 39 1.0
18 40 3.0
18 41 8.0
18 42 9.0
18 43 1.0
18 44 6.0
18 45 5.0
18 46 2.0
18 47 3.0
18 48 6.0
18 49 7.0
18 50 8.0
18 51 7.0
18 52 9.0
18 53 9.0
18 54 1.0
18 55 3.0
18 56 8.0
18 57 0.0
18 58 9.0
18 59 2.0
18 60 7.0
18 61 1.0
18 62 3.0
18 63 5.0
18 64 3.0
18 65 0.0
18 66 0.0
18 67 0.0
18 68 0.0
18 69 8.0
18 70 7.0
18 71 9.0
18 72 8.0
18 73 3.0
18 74 5.0
18 75 9.0
18 76 1.0
18 77 7.0
18 78 1.0
18 79 6.0
18 80 5.0
18 81 8.0
18 82 3.0
18 83 9.0
18 84 3.0
18 85 3.0
18 86 5.0
18 87 9.0
18 88 4.0
18 89 6.0
18 90 3.0
18 91 0.0
18 92 2.0
18 93 2.0
18 94 0.0
18 95 1.0
18 96 2.0
18 97 4.0
18 98 8.0
18 99 5.0
19 20 5.0
19 21 6.0
19 22 9.0
19 23 8.0
19 24 1.0
19 25 6.0
19 26 2.0
19 27 6.0
19 28 5.0
19 29 9.0
19 30 8.0
19 31 2.0
19 32 9.0
19 33 9.0
19 34 6.0
19 35 0.0
19 36 9.0
19 37 7.0
19 38 8.0
19 39 8.0
19 40 6.0
19 41 9.0
19 42 7.0
19 43 2.0
19 44 1.0
19 45 4.0
19 46 3.0
19 47 8.0
19 48 5.0
19 49 2.0
19 50 4.0
19 51 9.0
19 52 1.0
19 53 3.0
19 54 3.0
19 55 6.0
19 56 1.0
19 57 9.0
19 58 4.0
19 59 7.0
19 60 3.0
19 61 4.0
19 62 4.0
19 63 0.0
19 64 5.0
19 65 4.0
19 66 5.0
19 67 7.0
19 68 9.0
19 69 5.0
19 70 8.0
19 71 8.0
19 72 8.0
19 73 6.0
19 74 3.0
19 75 8.0
19 76 9.0
19 77 7.0
19 78 3.0
19 79 8.0
19 80 7.0
19 81 9.0
19 82 4.0
19 83 6.0
19 84 8.0
19 85 3.0
19 86 0.0
19 87 3.0
19 88 0.0
19 89 7.0
19 90 3.0
19 91 0.0
19 92 1.0
19 93 0.0
19 94 7.0
19 95 2.0
19 96 4.0
19 97 4.0
19 98 7.0
19 99 2.0
20 21 7.0
20 22 1.0
20 23 5.0
20 24 5.0
20 25 3.0
20 26 7.0
20 27 3.0
20 28 2.0
20 29 6.0
20 30 9.0
20 31 8.0
20 32 2.0
20 33 7.0
20 34 5.0
20 35 0.0
20 36 1.0
20 37 6.0
20 38 9.0
20 39 2.0
20 40 9.0
20 41 4.0
20 42 4.0
20 43 2.0
20 44 2.0
20 45 7.0
20 46 3.0
20 47 1.0
20 48 6.0
20 49 3.0
20 50 2.0
20 51 3.0
20 52 8.0
20 53 3.0
20 54 0.0
20 55 7.0
20 56 5.0
20 57 8.0
20 58 0.0
20 59 7.0
20 60 7.0
20 61 0.0
20 62 9.0
20 63 2.0
20 64 3.0
20 65 6.0
20 66 3.0
20 67 3.0
20 68 6.0
20 69 7.0
20 70 1.0
20 71 8.0
20 72 0.0
20 73 2.0
20 74 6.0
20 75 0.0
20 76 0.0
20 77 1.0
20 78 2.0
20 79 0.0
20 80 8.0
20 81 9.0
20 82 1.0
20 83 7.0
20 84 1.0
20 85 9.0
20 86 8.0
20 87 4.0
20 88 8.0
20 89 6.0
20 90 6.0
20 91 5.0
20 92 7.0
20 93 1.0
20 94 3.0
20 95 9.0
20 96 1.0
20 97 4.0
20 98 6.0
20 99 2.0
21 22 1.0
21 23 2.0
21 24 3.0
21 25 3.0
21 26 0.0
21 27 2.0
21 28 5.0
21 29 6.0
21 30 9.0
21 31 6.0
21 32 8.0
21 33 6.0
21 34 7.0
21 35 3.0
21 36 1.0
21 37 0.0
21 38 4.0
21 39 2.0
21 40 3.0
21 41 6.0
21 42 8.0
21 43 4.0
21 44 4.0
21 45 4.0
21 46 8.0
21 47 4.0
21 48 9.0
21 49 8.0
21 50 9.0
21 51 4.0
21 52 2.0
21 53 5.0
21 54 9.0
21 55 1.0
21 56 4.0
21 57 1.0
21 58 9.0
21 59 1.0
21 60 9.0
21 61 9.0
21 62 8.0
21 63 0.0
21 64 1.0
21 65 8.0
21 66 7.0
21 67 8.0
21 68 4.0
21 69 3.0
21 70 0.0
21 71 6.0
21 72 7.0
21 73 2.0
21 74 9.0
21 75 8.0
21 76 8.0
21 77 6.0
21 78 7.0
21 79 1.0
21 80 4.0
21 81 1.0
21 82 4.0
21 83 5.0
21 84 0.0
21 85 3.0
21 86 0.0
21 87 0.0
21 88 7.0
21 89 8.0
21 90 3.0
21 91 4.0
21 92 2.0
21 93 5.0
21 94 0.0
21 95 6.0
21 96 3.0
21 97 5.0
21 98 1.0
21 99 8.0
22 23 5.0
22 24 1.0
22 25 8.0
22 26 3.0
22 27 0.0
22 28 2.0
22 29 7.0
22 30 1.0
22 31 7.0
22 32 5.0
22 33 6.0
22 34 4.0
22 35 5.0
22 36 4.0
22 37 4.0
22 38 9.0
22 39 4.0
22 40 1.0
22 41 7.0
22 42 7.0
22 43 6.0
22 44 2.0
22 45 6.0
22 46 3.0
22 47 4.0
22 48 7.0
22 49 2.0
22 50 0.0
22 51 3.0
22 52 4.0
22 53 3.0
22 54 8.0
22 55 7.0
22 56 5.0
22 57 3.0
22 58 1.0
22 59 4.0
22 60 2.0
22 61 3.0
22 62 0.0
22 63 6.0
22 64 4.0
22 65 2.0
22 66 1.0
22 67 0.0
22 68 6.0
22 69 1.0
22 70 5.0
22 71 0.0
22 72 4.0
22 73 2.0
22 74 2.0
22 75 7.0
22 76 9.0
22 77 0.0
22 78 7.0
22 79 5.0
22 80 0.0
22 81 1.0
22 82 6.0
22 83 9.0
22 84 7.0
22 85 0.0
22 86 5.0
22 87 4.0
22 88 7.0
22 89 1.0
22 90 8.0
22 91 0.0
22 92 3.0
22 93 5.0
22 94 2.0
22 95 7.0
22 96 2.0
22 97 9.0
22 98 6.0
22 99 7.0
23 24 1.0
23 25 4.0
23 26 3.0
23 27 6.0
23 28 5.0
23 29 6.0
23 30 4.0
23 31 5.0
23 32 6.0
23 33 5.0
23 34 4.0
23 35 9.0
23 36 8.0
23 37 2.0
23 38 7.0
23 39 9.0
23 40 6.0
23 41 8.0
23 42 7.0
23 43 2.0
23 44 1.0
23 45 0.0
23 46 3.0
23 47 4.0
23 48 6.0
23 49 2.0
23 50 6.0
23 51 0.0
23 52 5.0
23 53 5.0
23 54 8.0
23 55 7.0
23 56 9.0
23 57 8.0
23 58 1.0
23 59 8.0
23 60 4.0
23 61 5.0
23 62 9.0
23 63 4.0
23 64 7.0
23 65 6.0
23 66 0.0
23 67 5.0
23 68 4.0
23 69 0.0
23 70 4.0
23 71 8.0
23 72 5.0
23 73 0.0
23 74 7.0
23 75 8.0
23 76 8.0
23 77 7.0
23 78 0.0
23 79 6.0
23 80 2.0
23 81 0.0
23 82 4.0
23 83 4.0
23 84 4.0
23 85 1.0
23 86 0.0
23 87 8.0
23 88 9.0
23 89 1.0
23 90 2.0
23 91 8.0
23 92 7.0
23 93 2.0
23 94 9.0
23 95 2.0
23 96 9.0
23 97 7.0
23 98 6.0
23 99 3.0
24 25 5.0
24 26 4.0
24 27 9.0
24 28 7.0
24 29 6.0
24 30 8.0
24 31 7.0
24 32 5.0
24 33 1.0
24 34 4.0
24 35 1.0
24 36 1.0
24 37 1.0
24 38 2.0
24 39 7.0
24 40 0.0
24 41 6.0
24 42 3.0
24 43 6.0
24 44 9.0
24 45 3.0
24 46 1.0
24 47 7.0
24 48 9.0
24 49 7.0
24 50 4.0
24 51 2.0
24 52 8.0
24 53 2.0
24 54 3.0
24 55 9.0
24 56 2.0
24 57 3.0
24 58 4.0
24 59 5.0
24 60 0.0
24 61 1.0
24 62 6.0
24 63 9.0
24 64 7.0
24 65 5.0
24 66 5.0
24 67 2.0
24 68 7.0
24 69 8.0
24 70 2.0
24 71 6.0
24 72 6.0
24 73 6.0
24 74 1.0
24 75 9.0
24 76 7.0
24 77 9.0
24 78 4.0
24 79 4.0
24 80 2.0
24 81 7.0
24 82 4.0
24 83 6.0
24 84 5.0
24 85 4.0
24 86 0.0
24 87 1.0
24 88 9.0
24 89 7.0
24 90 1.0
24 91 4.0
24 92 9.0
24 93 0.0
24 94 4.0
24 95 2.0
24 96 1.0
24 97 3.0
24 98 7.0
24 99 9.0
25 26 6.0
25 27 0.0
25 28 9.0
25 29 6.0
25 30 7.0
25 31 3.0
25 32 8.0
25 33 0.0
25 34 7.0
25 35 8.0
25 36 1.0
25 37 3.0
25 38 8.0
25 39 6.0
25 40 5.0
25 41 6.0
25 42 3.0
25 43 2.0
25 44 1.0
25 45 7.0
25 46 2.0
25 47 6.0
25 48 7.0
25 49 1.0
25 50 1.0
25 51 0.0
25 52 6.0
25 53 9.0
25 54 6.0
25 55 3.0
25 56 8.0
25 57 7.0
25 58 5.0
25 59 5.0
25 60 4.0
25 61 4.0
25 62 3.0
25 63 1.0
25 64 9.0
25 65 7.0
25 66 4.0
25 67 2.0
25 68 0.0
25 69 4.0
25 70 1.0
25 71 9.0
25 72 8.0
25 73 2.0
25 74 6.0
25 75 6.0
25 76 2.0
25 77 8.0
25 78 7.0
25 79 6.0
25 80 7.0
25 81 8.0
25 82 2.0
25 83 9.0
25 84 1.0
25 85 4.0
25 86 4.0
25 87 1.0
25 88 1.0
25 89 8.0
25 90 1.0
25 91 8.0
25 92 5.0
25 93 7.0
25 94 5.0
25 95 2.0
25 96 4.0
25 97 7.0
25 98 7.0
25 99 5.0
26 27 2.0
26 28 8.0
26 29 1.0
26 30 6.0
26 31 8.0
26 32 6.0
26 33 9.0
26 34 0.0
26 35 7.0
26 36 1.0
26 37 9.0
26 38 6.0
26 39 9.0
26 40 0.0
26 41 3.0
26 42 7.0
26 43 9.0
26 44 7.0
26 45 4.0
26 46 2.0
26 47 2.0
26 48 0.0
26 49 7.0
26 50 8.0
26 51 5.0
26 52 5.0
26 53 0.0
26 54 1.0
26 55 5.0
26 56 5.0
26 57 1.0
26 58 0.0
26 59 9.0
26 60 0.0
26 61 8.0
26 62 2.0
26 63 0.0
26 64 6.0
26 65 6.0
26 66 8.0
26 67 4.0
26 68 9.0
26 69 5.0
26 70 7.0
26 71 2.0
26 72 6.0
26 73 2.0
26 74 3.0
26 75 1.0
26 76 4.0
26 77 0.0
26 78 4.0
26 79 2.0
26 80 3.0
26 81 2.0
26 82 6.0
26 83 9.0
26 84 7.0
26 85 0.0
26 86 0.0
26 87 3.0
26 88 3.0
26 89 1.0
26 90 5.0
26 91 2.0
26 92 6.0
26 93 3.0
26 94 0.0
26 95 1.0
26 96 0.0
26 97 4.0
26 98 8.0
26 99 5.0
27 28 5.0
27 29 0.0
27 30 1.0
27 31 2.0
27 32 2.0
27 33 9.0
27 34 9.0
27 35 0.0
27 36 8.0
27 37 4.0
27 38 3.0
27 39 7.0
27 40 3.0
27 41 8.0
27 42 0.0
27 43 3.0
27 44 6.0
27 45 4.0
27 46 5.0
27 47 2.0
27 48 5.0
27 49 6.0
27 50 2.0
27 51 9.0
27 52 0.0
27 53 3.0
27 54 8.0
27 55 7.0
27 56 8.0
27 57 4.0
27 58 3.0
27 59 8.0
27 60 5.0
27 61 8.0
27 62 7.0
27 63 1.0
27 64 4.0
27 65 1.0
27 66 5.0
27 67 4.0
27 68 8.0
27 69 0.0
27 70 7.0
27 71 2.0
27 72 3.0
27 73 3.0
27 74 6.0
27 75 9.0
27 76 8.0
27 77 8.0
27 78 8.0
27 79 2.0
27 80 3.0
27 81 8.0
27 82 4.0
27 83 6.0
27 84 4.0
27 85 3.0
27 86 0.0
27 87 1.0
27 88 0.0
27 89 3.0
27 90 8.0
27 91 7.0
27 92 2.0
27 93 9.0
27 94 4.0
27 95 6.0
27 96 7.0
27 97 3.0
27 98 2.0
27 99 5.0
28 29 6.0
28 30 6.0
28 31 3.0
28 32 0.0
28 33 3.0
28 34 3.0
28 35 9.0
28 36 9.0
28 37 7.0
28 38 2.0
28 39 2.0
28 40 8.0
28 41 1.0
28 42 0.0
28 43 9.0
28 44 5.0
28 45 5.0
28 46 6.0
28 47 7.0
28 48 9.0
28 49 7.0
28 50 6.0
28 51 5.0
28 52 6.0
28 53 1.0
28 54 8.0
28 55 8.0
28 56 4.0
28 57 2.0
28 58 7.0
28 59 0.0
28 60 5.0
28 61 2.0
28 62 2.0
28 63 8.0
28 64 2.0
28 65 1.0
28 66 4.0
28 67 5.0
28 68 7.0
28 69 4.0
28 70 5.0
28 71 4.0
28 72 2.0
28 73 4.0
28 74 0.0
28 75 3.0
28 76 6.0
28 77 8.0
28 78 6.0
28 79 9.0
28 80 4.0
28 81 9.0
28 82 8.0
28 83 0.0
28 84 1.0
28 85 7.0
28 86 0.0
28 87 2.0
28 88 2.0
28 89 3.0
28 90 3.0
28 91 9.0
28 92 8.0
28 93 3.0
28 94 5.0
28 95 9.0
28 96 5.0
28 97 5.0
28 98 1.0
28 99 6.0
29 30 0.0
29 31 9.0
29 32 2.0
29 33 5.0
29 34 7.0
29 35 4.0
29 36 8.0
29 37 0.0
29 38 1.0
29 39 1.0
29 40 7.0
29 41 2.0
29 42 4.0
29 43 4.0
29 44 2.0
29 45 5.0
29 46 0.0
29 47 5.0
29 48 1.0
29 49 9.0
29 50 1.0
29 51 9.0
29 52 8.0
29 53 8.0
29 54 4.0
29 55 5.0
29 56 3.0
29 57 0.0
29 58 4.0
29 59 1.0
29 60 2.0
29 61 8.0
29 62 1.0
29 63 3.0
29 64 5.0
29 65 9.0
29 66 9.0
29 67 5.0
29 68 1.0
29 69 7.0
29 70 2.0
29 71 6.0
29 72 3.0
29 73 6.0
29 74 8.0
29 75 7.0
29 76 9.0
29 77 6.0
29 78 3.0
29 79 1.0
29 80 3.0
29 81 4.0
29 82 9.0
29 83 6.0
29 84 2.0
29 85 1.0
29 86 3.0
29 87 2.0
29 88 5.0
29 89 4.0
29 90 6.0
29 91 1.0
29 92 5.0
29 93 1.0
29 94 4.0
29 95 5.0
29 96 3.0
29 97 3.0
29 98 1.0
29 99 7.0
30 31 6.0
30 32 4.0
30 33 3.0
30 34 2.0
30 35 5.0
30 36 7.0
30 37 4.0
30 38 8.0
30 39 4.0
30 40 0.0
30 41 9.0
30 42 4.0
30 43 4.0
30 44 1.0
30 45 6.0
30 46 5.0
30 47 0.0
30 48 4.0
30 49 7.0
30 50 4.0
30 51 6.0
30 52 2.0
30 53 7.0
30 54 3.0
30 55 9.0
30 56 3.0
30 57 0.0
30 58 0.0
30 59 9.0
30 60 6.0
30 61 7.0
30 62 8.0
30 63 1.0
30 64 3.0
30 65 4.0
30 66 5.0
30 67 0.0
30 68 1.0
30 69 7.0
30 70 0.0
30 71 9.0
30 72 4.0
30 73 6.0
30 74 8.0
30 75 2.0
30 76 7.0
30 77 7.0
30 78 2.0
30 79 8.0
30 80 8.0
30 81 8.0
30 82 0.0
30 83 8.0
30 84 2.0
30 85 3.0
30 86 2.0
30 87 9.0
30 88 4.0
30 89 7.0
30 90 1.0
30 91 5.0
30 92 0.0
30 93 4.0
30 94 9.0
30 95 4.0
30 96 7.0
30 97 9.0
30 98 7.0
30 99 7.0
31 32 8.0
31 33 1.0
31 34 7.0
31 35 7.0
31 36 7.0
31 37 9.0
31 38 5.0
31 39 9.0
31 40 1.0
31 41 7.0
31 42 4.0
31 43 8.0
31 44 1.0
31 45 4.0
31 46 0.0
31 47 6.0
31 48 3.0
31 49 1.0
31 50 6.0
31 51 9.0
31 52 5.0
31 53 6.0
31 54 2.0
31 55 8.0
31 56 0.0
31 57 5.0
31 58 2.0
31 59 4.0
31 60 4.0
31 61 8.0
31 62 2.0
31 63 2.0
31 64 6.0
31 65 5.0
31 66 5.0
31 67 8.0
31 68 1.0
31 69 4.0
31 70 3.0
31 71 0.0
31 72 7.0
31 73 9.0
31 74 2.0
31 75 3.0
31 76 3.0
31 77 5.0
31 78 9.0
31 79 7.0
31 80 4.0
31 81 5.0
31 82 7.0
31 83 1.0
31 84 7.0
31 85 3.0
31 86 2.0
31 87 8.0
31 88 9.0
31 89 5.0
31 90 9.0
31 91 5.0
31 92 6.0
31 93 1.0
31 94 5.0
31 95 9.0
31 96 1.0
31 97 6.0
31 98 8.0
31 99 0.0
32 33 0.0
32 34 6.0
32 35 6.0
32 36 7.0
32 37 8.0
32 38 7.0
32 39 3.0
32 40 3.0
32 41 6.0
32 42 0.0
32 43 4.0
32 44 3.0
32 45 9.0
32 46 7.0
32 47 4.0
32 48 9.0
32 49 6.0
32 50 3.0
32 51 2.0
32 52 5.0
32 53 5.0
32 54 9.0
32 55 0.0
32 56 7.0
32 57 2.0
32 58 3.0
32 59 6.0
32 60 0.0
32 61 4.0
32 62 5.0
32 63 9.0
32 64 8.0
32 65 2.0
32 66 5.0
32 67 5.0
32 68 1.0
32 69 3.0
32 70 6.0
32 71 4.0
32 72 7.0
32 73 3.0
32 74 3.0
32 75 6.0
32 76 6.0
32 77 7.0
32 78 6.0
32 79 1.0
32 80 8.0
32 81 0.0
32 82 6.0
32 83 8.0
32 84 5.0
32 85 1.0
32 86 6.0
32 87 1.0
32 88 7.0
32 89 2.0
32 90 4.0
32 91 8.0
32 92 5.0
32 93 0.0
32 94 7.0
32 95 2.0
32 96 3.0
32 97 0.0
32 98 3.0
32 99 8.0
33 34 9.0
33 35 8.0
33 36 4.0
33 37 3.0
33 38 6.0
33 39 1.0
33 40 5.0
33 41 5.0
33 42 3.0
33 43 1.0
33 44 0.0
33 45 0.0
33 46 5.0
33 47 0.0
33 48 8.0
33 49 3.0
33 50 2.0
33 51 2.0
33 52 5.0
33 53 1.0
33 54 8.0
33 55 0.0
33 56 5.0
33 57 6.0
33 58 6.0
33 59 9.0
33 60 3.0
33 61 6.0
33 62 1.0
33 63 9.0
33 64 2.0
33 65 9.0
33 66 9.0
33 67 0.0
33 68 4.0
33 69 3.0
33 70 0.0
33 71 1.0
33 72 6.0
33 73 2.0
33 74 3.0
33 75 6.0
33 76 0.0
33 77 7.0
33 78 8.0
33 79 1.0
33 80 9.0
33 81 9.0
33 82 4.0
33 83 4.0
33 84 9.0
33 85 6.0
33 86 0.0
33 87 3.0
33 88 1.0
33 89 9.0
33 90 6.0
33 91 2.0
33 92 0.0
33 93 3.0
33 94 0.0
33 95 0.0
33 96 0.0
33 97 6.0
33 98 8.0
33 99 8.0
34 35 8.0
34 36 6.0
34 37 3.0
34 38 3.0
34 39 9.0
34 40 3.0
34 41 8.0
34 42 8.0
34 43 5.0
34 44 6.0
34 45 6.0
34 46 9.0
34 47 9.0
34 48 8.0
34 49 2.0
34 50 0.0
34 51 5.0
34 52 0.0
34 53 5.0
34 54 3.0
34 55 6.0
34 56 2.0
34 57 9.0
34 58 1.0
34 59 6.0
34 60 5.0
34 61 5.0
34 62 5.0
34 63 0.0
34 64 4.0
34 65 3.0
34 66 8.0
34 67 1.0
34 68 4.0
34 69 9.0
34 70 2.0
34 71 0.0
34 72 0.0
34 73 8.0
34 74 4.0
34 75 6.0
34 76 7.0
34 77 3.0
34 78 6.0
34 79 2.0
34 80 7.0
34 81 9.0
34 82 1.0
34 83 2.0
34 84 1.0
34 85 0.0
34 86 0.0
34 87 5.0
34 88 7.0
34 89 6.0
34 90 5.0
34 91 2.0
34 92 9.0
34 93 0.0
34 94 4.0
34 95 5.0
34 96 7.0
34 97 8.0
34 98 7.0
34 99 6.0
35 36 9.0
35 37 7.0
35 38 9.0
35 39 5.0
35 40 3.0
35 41 2.0
35 42 7.0
35 43 1.0
35 44 2.0
35 45 9.0
35 46 6.0
35 47 6.0
35 48 1.0
35 49 6.0
35 50 7.0
35 51 3.0
35 52 1.0
35 53 1.0
35 54 6.0
35 55 3.0
35 56 5.0
35 57 0.0
35 58 7.0
35 59 4.0
35 60 3.0
35 61 5.0
35 62 1.0
35 63 4.0
35 64 0.0
35 65 3.0
35 66 6.0
35 67 6.0
35 68 9.0
35 69 7.0
35 70 0.0
35 71 8.0
35 72 6.0
35 73 9.0
35 74 5.0
35 75 2.0
35 76 4.0
35 77 5.0
35 78 5.0
35 79 7.0
35 80 6.0
35 81 5.0
35 82 7.0
35 83 4.0
35 84 9.0
35 85 0.0
35 86 8.0
35 87 6.0
35 88 3.0
35 89 7.0
35 90 0.0
35 91 1.0
35 92 3.0
35 93 7.0
35 94 6.0
35 95 6.0
35 96 6.0
35 97 5.0
35 98 4.0
35 99 0.0
36 37 9.0
36 38 0.0
36 39 1.0
36 40 1.0
36 41 2.0
36 42 8.0
36 43 1.0
36 44 6.0
36 45 7.0
36 46 3.0
36 47 2.0
36 48 1.0
36 49 4.0
36 50 8.0
36 51 4.0
36 52 2.0
36 53 5.0
36 54 7.0
36 55 9.0
36 56 8.0
36 57 2.0
36 58 4.0
36 59 0.0
36 60 8.0
36 61 7.0
36 62 5.0
36 63 8.0
36 64 1.0
36 65 2.0
36 66 1.0
36 67 7.0
36 68 9.0
36 69 7.0
36 70 5.0
36 71 4.0
36 72 2.0
36 73 7.0
36 74 5.0
36 75 5.0
36 76 2.0
36 77 5.0
36 78 0.0
36 79 1.0
36 80 8.0
36 81 3.0
36 82 3.0
36 83 8.0
36 84 1.0
36 85 2.0
36 86 2.0
36 87 8.0
36 88 1.0
36 89 9.0
36 90 7.0
36 91 3.0
36 92 5.0
36 93 9.0
36 94 9.0
36 95 2.0
36 96 7.0
36 97 5.0
36 98 3.0
36 99 2.0
37 38 6.0
37 39 1.0
37 40 7.0
37 41 1.0
37 42 7.0
37 43 8.0
37 44 8.0
37 45 4.0
37 46 5.0
37 47 8.0
37 48 8.0
37 49 8.0
37 50 8.0
37 51 8.0
37 52 5.0
37 53 0.0
37 54 6.0
37 55 3.0
37 56 2.0
37 57 3.0
37 58 5.0
37 59 6.0
37 60 2.0
37 61 5.0
37 62 5.0
37 63 3.0
37 64 9.0
37 65 0.0
37 66 6.0
37 67 1.0
37 68 7.0
37 69 0.0
37 70 0.0
37 71 9.0
37 72 7.0
37 73 3.0
37 74 0.0
37 75 2.0
37 76 8.0
37 77 3.0
37 78 0.0
37 79 4.0
37 80 1.0
37 81 4.0
37 82 7.0
37 83 0.0
37 84 3.0
37 85 1.0
37 86 1.0
37 87 9.0
37 88 2.0
37 89 7.0
37 90 6.0
37 91 4.0
37 92 3.0
37 93 7.0
37 94 8.0
37 95 1.0
37 96 0.0
37 97 2.0
37 98 0.0
37 99 7.0
38 39 6.0
38 40 9.0
38 41 2.0
38 42 5.0
38 43 0.0
38 44 2.0
38 45 9.0
38 46 8.0
38 47 6.0
38 48 9.0
38 49 7.0
38 50 8.0
38 51 4.0
38 52 3.0
38 53 1.0
38 54 9.0
38 55 2.0
38 56 0.0
38 57 3.0
38 58 5.0
38 59 3.0
38 60 3.0
38 61 6.0
38 62 2.0
38 63 6.0
38 64 7.0
38 65 0.0
38 66 0.0
38 67 2.0
38 68 0.0
38 69 5.0
38 70 5.0
38 71 7.0
38 72 0.0
38 73 5.0
38 74 0.0
38 75 0.0
38 76 9.0
38 77 0.0
38 78 3.0
38 79 9.0
38 80 5.0
38 81 2.0
38 82 0.0
38 83 1.0
38 84 1.0
38 85 3.0
38 86 1.0
38 87 3.0
38 88 4.0
38 89 3.0
38 90 5.0
38 91 0.0
38 92 9.0
38 93 7.0
38 94 5.0
38 95 9.0
38 96 5.0
38 97 8.0
38 98 4.0
38 99 5.0
39 40 6.0
39 41 8.0
39 42 3.0
39 43 7.0
39 44 8.0
39 45 6.0
39 46 0.0
39 47 5.0
39 48 0.0
39 49 1.0
39 50 3.0
39 51 7.0
39 52 7.0
39 53 2.0
39 54 8.0
39 55 1.0
39 56 3.0
39 57 7.0
39 58 7.0
39 59 0.0
39 60 3.0
39 61 0.0
39 62 6.0
39 63 1.0
39 64 5.0
39 65 3.0
39 66 8.0
39 67 1.0
39 68 0.0
39 69 7.0
39 70 1.0
39 71 4.0
39 72 5.0
39 73 5.0
39 74 9.0
39 75 6.0
39 76 7.0
39 77 5.0
39 78 3.0
39 79 2.0
39 80 7.0
39 81 6.0
39 82 5.0
39 83 4.0
39 84 7.0
39 85 8.0
39 86 4.0
39 87 5.0
39 88 5.0
39 89 4.0
39 90 1.0
39 91 5.0
39 92 1.0
39 93 5.0
39 94 2.0
39 95 4.0
39 96 5.0
39 97 5.0
39 98 8.0
39 99 3.0
40 41 6.0
40 42 4.0
40 43 2.0
40 44 0.0
40 45 7.0
40 46 9.0
40 47 6.0
40 48 6.0
40 49 4.0
40 50 7.0
40 51 5.0
40 52 6.0
40 53 3.0
40 54 3.0
40 55 6.0
40 56 1.0
40 57 2.0
40 58 1.0
40 59 2.0
40 60 1.0
40 61 5.0
40 62 5.0
40 63 0.0
40 64 8.0
40 65 5.0
40 66 5.0
40 67 9.0
40 68 2.0
40 69 5.0
40 70 1.0
40 71 7.0
40 72 8.0
40 73 9.0
40 74 2.0
40 75 4.0
40 76 3.0
40 77 4.0
40 78 1.0
40 79 8.0
40 80 8.0
40 81 2.0
40 82 8.0
40 83 4.0
40 84 7.0
40 85 2.0
40 86 5.0
40 87 3.0
40 88 6.0
40 89 0.0
40 90 1.0
40 91 3.0
40 92 9.0
40 93 2.0
40 94 0.0
40 95 5.0
40 96 0.0
40 97 0.0
40 98 1.0
40 99 0.0
41 42 1.0
41 43 2.0
41 44 4.0
41 45 2.0
41 46 2.0
41 47 1.0
41 48 0.0
41 49 7.0
41 50 3.0
41 51 3.0
41 52 1.0
41 53 7.0
41 54 1.0
41 55 3.0
41 56 5.0
41 57 8.0
41 58 9.0
41 59 6.0
41 60 6.0
41 61 1.0
41 62 4.0
41 63 1.0
41 64 1.0
41 65 9.0
41 66 7.0
41 67 2.0
41 68 4.0
41 69 6.0
41 70 2.0
41 71 1.0
41 72 8.0
41 73 9.0
41 74 5.0
41 75 1.0
41 76 2.0
41 77 4.0
41 78 7.0
41 79 9.0
41 80 7.0
41 81 4.0
41 82 1.0
41 83 0.0
41 84 3.0
41 85 1.0
41 86 7.0
41 87 8.0
41 88 0.0
41 89 6.0
41 90 2.0
41 91 7.0
41 92 5.0
41 93 8.0
41 94 6.0
41 95 9.0
41 96 2.0
41 97 8.0
41 98 8.0
41 99 9.0
42 43 4.0
42 44 0.0
42 45 3.0
42 46 9.0
42 47 1.0
42 48 7.0
42 49 5.0
42 50 0.0
42 51 6.0
42 52 4.0
42 53 5.0
42 54 4.0
42 55 4.0
42 56 7.0
42 57 5.0
42 58 8.0
42 59 1.0
42 60 4.0
42 61 2.0
42 62 6.0
42 63 6.0
42 64 6.0
42 65 9.0
42 66 6.0
42 67 3.0
42 68 3.0
42 69 6.0
42 70 7.0
42 71 9.0
42 72 0.0
42 73 9.0
42 74 4.0
42 75 4.0
42 76 0.0
42 77 1.0
42 78 6.0
42 79 5.0
42 80 7.0
42 81 7.0
42 82 1.0
42 83 0.0
42 84 5.0
42 85 5.0
42 86 9.0
42 87 6.0
42 88 2.0
42 89 6.0
42 90 3.0
42 91 8.0
42 92 5.0
42 93 0.0
42 94 9.0
42 95 0.0
42 96 6.0
42 97 3.0
42 98 1.0
42 99 6.0
43 44 3.0
43 45 7.0
43 46 2.0
43 47 2.0
43 48 5.0
43 49 4.0
43 50 7.0
43 51 4.0
43 52 3.0
43 53 6.0
43 54 0.0
43 55 9.0
43 56 7.0
43 57 7.0
43 58 0.0
43 59 8.0
43 60 3.0
43 61 8.0
43 62 2.0
43 63 0.0
43 64 6.0
43 65 8.0
43 66 9.0
43 67 9.0
43 68 4.0
43 69 5.0
43 70 8.0
43 71 5.0
43 72 0.0
43 73 2.0
43 74 6.0
43 75 7.0
43 76 3.0
43 77 5.0
43 78 3.0
43 79 5.0
43 80 4.0
43 81 3.0
43 82 0.0
43 83 4.0
43 84 4.0
43 85 4.0
43 86 8.0
43 87 5.0
43 88 9.0
43 89 8.0
43 90 5.0
43 91 6.0
43 92 9.0
43 93 5.0
43 94 4.0
43 95 3.0
43 96 5.0
43 97 7.0
43 98 6.0
43 99 5.0
44 45 8.0
44 46 7.0
44 47 4.0
44 48 1.0
44 49 4.0
44 50 8.0
44 51 8.0
44 52 5.0
44 53 8.0
44 54 7.0
44 55 6.0
44 56 1.0
44 57 3.0
44 58 9.0
44 59 7.0
44 60 8.0
44 61 2.0
44 62 3.0
44 63 0.0
44 64 4.0
44 65 4.0
44 66 7.0
44 67 9.0
44 68 2.0
44 69 0.0
44 70 7.0
44 71 0.0
44 72 7.0
44 73 6.0
44 74 8.0
44 75 4.0
44 76 3.0
44 77 8.0
44 78 7.0
44 79 5.0
44 80 6.0
44 81 1.0
44 82 0.0
44 83 1.0
44 84 0.0
44 85 2.0
44 86 3.0
44 87 6.0
44 88 3.0
44 89 0.0
44 90 0.0
44 91 7.0
44 92 3.0
44 93 3.0
44 94 3.0
44 95 0.0
44 96 2.0
44 97 8.0
44 98 3.0
44 99 8.0
45 46 1.0
45 47 7.0
45 48 4.0
45 49 2.0
45 50 1.0
45 51 2.0
45 52 8.0
45 53 2.0
45 54 1.0
45 55 5.0
45 56 6.0
45 57 4.0
45 58 9.0
45 59 7.0
45 60 9.0
45 61 5.0
45 62 0.0
45 63 4.0
45 64 0.0
45 65 4.0
45 66 6.0
45 67 5.0
45 68 0.0
45 69 1.0
45 70 6.0
45 71 6.0
45 72 7.0
45 73 2.0
45 74 6.0
45 75 9.0
45 76 1.0
45 77 8.0
45 78 5.0
45 79 7.0
45 80 8.0
45 81 9.0
45 82 3.0
45 83 2.0
45 84 7.0
45 85 2.0
45 86 7.0
45 87 8.0
45 88 1.0
45 89 8.0
45 90 7.0
45 91 8.0
45 92 5.0
45 93 7.0
45 94 9.0
45 95 7.0
45 96 5.0
45 97 4.0
45 98 1.0
45 99 0.0
46 47 6.0
46 48 0.0
46 49 9.0
46 50 2.0
46 51 3.0
46 52 3.0
46 53 6.0
46 54 7.0
46 55 8.0
46 56 0.0
46 57 4.0
46 58 0.0
46 59 3.0
46 60 0.0
46 61 1.0
46 62 9.0
46 63 1.0
46 64 3.0
46 65 9.0
46 66 3.0
46 67 4.0
46 68 6.0
46 69 0.0
46 70 2.0
46 71 4.0
46 72 5.0
46 73 1.0
46 74 6.0
46 75 0.0
46 76 9.0
46 77 5.0
46 78 9.0
46 79 7.0
46 80 0.0
46 81 6.0
46 82 4.0
46 83 8.0
46 84 0.0
46 85 5.0
46 86 2.0
46 87 3.0
46 88 7.0
46 89 4.0
46 90 7.0
46 91 8.0
46 92 9.0
46 93 4.0
46 94 5.0
46 95 9.0
46 96 5.0
46 97 0.0
46 98 9.0
46 99 5.0
47 48 0.0
47 49 2.0
47 50 7.0
47 51 2.0
47 52 5.0
47 53 8.0
47 54 6.0
47 55 4.0
47 56 6.0
47 57 5.0
47 58 3.0
47 59 5.0
47 60 8.0
47 61 5.0
47 62 5.0
47 63 3.0
47 64 4.0
47 65 3.0
47 66 6.0
47 67 1.0
47 68 8.0
47 69 4.0
47 70 8.0
47 71 6.0
47 72 1.0
47 73 8.0
47 74 9.0
47 75 9.0
47 76 6.0
47 77 7.0
47 78 6.0
47 79 8.0
47 80 2.0
47 81 0.0
47 82 9.0
47 83 8.0
47 84 6.0
47 85 4.0
47 86 1.0
47 87 3.0
47 88 9.0
47 89 7.0
47 90 0.0
47 91 0.0
47 92 3.0
47 93 1.0
47 94 7.0
47 95 6.0
47 96 3.0
47 97 4.0
47 98 4.0
47 99 1.0
48 49 1.0
48 50 4.0
48 51 9.0
48 52 0.0
48 53 1.0
48 54 5.0
48 55 9.0
48 56 2.0
48 57 7.0
48 58 0.0
48 59 2.0
48 60 8.0
48 61 6.0
48 62 1.0
48 63 3.0
48 64 7.0
48 65 6.0
48 66 4.0
48 67 8.0
48 68 3.0
48 69 5.0
48 70 7.0
48 71 2.0
48 72 1.0
48 73 7.0
48 74 6.0
48 75 5.0
48 76 9.0
48 77 6.0
48 78 3.0
48 79 0.0
48 80 8.0
48 81 5.0
48 82 6.0
48 83 8.0
48 84 2.0
48 85 1.0
48 86 6.0
48 87 7.0
48 88 2.0
48 89 8.0
48 90 8.0
48 91 9.0
48 92 2.0
48 93 3.0
48 94 0.0
48 95 9.0
48 96 9.0
48 97 7.0
48 98 3.0
48 99 2.0
49 50 7.0
49 51 5.0
49 52 6.0
49 53 3.0
49 54 4.0
49 55 0.0
49 56 0.0
49 57 2.0
49 58 5.0
49 59 6.0
49 60 7.0
49 61 2.0
49 62 8.0
49 63 1.0
49 64 2.0
49 65 1.0
49 66 6.0
49 67 8.0
49 68 2.0
49 69 9.0
49 70 3.0
49 71 9.0
49 72 3.0
49 73 3.0
49 74 1.0
49 75 3.0
49 76 3.0
49 77 9.0
49 78 4.0
49 79 9.0
49 80 7.0
49 81 0.0
49 82 0.0
49 83 3.0
49 84 4.0
49 85 7.0
49 86 8.0
49 87 0.0
49 88 6.0
49 89 3.0
49 90 7.0
49 91 5.0
49 92 9.0
49 93 0.0
49 94 0.0
49 95 3.0
49 96 4.0
49 97 5.0
49 98 2.0
49 99 1.0
50 51 4.0
50 52 8.0
50 53 6.0
50 54 8.0
50 55 3.0
50 56 5.0
50 57 9.0
50 58 4.0
50 59 7.0
50 60 6.0
50 61 3.0
50 62 3.0
50 63 1.0
50 64 7.0
50 65 7.0
50 66 6.0
50 67 2.0
50 68 7.0
50 69 2.0
50 70 7.0
50 71 4.0
50 72 1.0
50 73 6.0
50 74 4.0
50 75 6.0
50 76 2.0
50 77 2.0
50 78 9.0
50 79 5.0
50 80 4.0
50 81 0.0
50 82 4.0
50 83 3.0
50 84 0.0
50 85 5.0
50 86 8.0
50 87 6.0
50 88 7.0
50 89 6.0
50 90 9.0
50 91 6.0
50 92 5.0
50 93 4.0
50 94 9.0
50 95 1.0
50 96 6.0
50 97 8.0
50 98 1.0
50 99 8.0
51 52 7.0
51 53 5.0
51 54 0.0
51 55 1.0
51 56 1.0
51 57 8.0
51 58 4.0
51 59 9.0
51 60 5.0
51 61 8.0
51 62 7.0
51 63 5.0
51 64 1.0
51 65 8.0
51 66 2.0
51 67 8.0
51 68 4.0
51 69 3.0
51 70 1.0
51 71 5.0
51 72 7.0
51 73 8.0
51 74 4.0
51 75 5.0
51 76 0.0
51 77 1.0
51 78 1.0
51 79 2.0
51 80 4.0
51 81 5.0
51 82 8.0
51 83 7.0
51 84 7.0
51 85 8.0
51 86 6.0
51 87 1.0
51 88 7.0
51 89 3.0
51 90 9.0
51 91 3.0
51 92 5.0
51 93 7.0
51 94 5.0
51 95 5.0
51 96 1.0
51 97 3.0
51 98 4.0
51 99 8.0
52 53 7.0
52 54 9.0
52 55 9.0
52 56 2.0
52 57 1.0
52 58 9.0
52 59 5.0
52 60 6.0
52 61 0.0
52 62 3.0
52 63 4.0
52 64 2.0
52 65 1.0
52 66 5.0
52 67 2.0
52 68 3.0
52 69 9.0
52 70 4.0
52 71 7.0
52 72 0.0
52 73 4.0
52 74 0.0
52 75 0.0
52 76 6.0
52 77 4.0
52 78 9.0
52 79 4.0
52 80 8.0
52 81 2.0
52 82 9.0
52 83 2.0
52 84 8.0
52 85 0.0
52 86 5.0
52 87 9.0
52 88 8.0
52 89 6.0
52 90 9.0
52 91 4.0
52 92 4.0
52 93 3.0
52 94 5.0
52 95 0.0
52 96 4.0
52 97 2.0
52 98 9.0
52 99 2.0
53 54 1.0
53 55 5.0
53 56 4.0
53 57 0.0
53 58 8.0
53 59 1.0
53 60 0.0
53 61 6.0
53 62 0.0
53 63 6.0
53 64 9.0
53 65 4.0
53 66 6.0
53 67 1.0
53 68 1.0
53 69 5.0
53 70 9.0
53 71 8.0
53 72 5.0
53 73 1.0
53 74 3.0
53 75 2.0
53 76 1.0
53 77 2.0
53 78 6.0
53 79 3.0
53 80 3.0
53 81 1.0
53 82 6.0
53 83 4.0
53 84 0.0
53 85 7.0
53 86 8.0
53 87 1.0
53 88 3.0
53 89 6.0
53 90 9.0
53 91 9.0
53 92 5.0
53 93 0.0
53 94 8.0
53 95 7.0
53 96 0.0
53 97 0.0
53 98 0.0
53 99 2.0
54 55 6.0
54 56 4.0
54 57 9.0
54 58 1.0
54 59 1.0
54 60 2.0
54 61 7.0
54 62 0.0
54 63 3.0
54 64 2.0
54 65 5.0
54 66 1.0
54 67 1.0
54 68 2.0
54 69 6.0
54 70 3.0
54 71 6.0
54 72 9.0
54 73 1.0
54 74 8.0
54 75 6.0
54 76 4.0
54 77 1.0
54 78 5.0
54 79 1.0
54 80 2.0
54 81 1.0
54 82 3.0
54 83 5.0
54 84 0.0
54 85 7.0
54 86 7.0
54 87 4.0
54 88 0.0
54 89 7.0
54 90 2.0
54 91 4.0
54 92 0.0
54 93 3.0
54 94 5.0
54 95 8.0
54 96 9.0
54 97 6.0
54 98 7.0
54 99 6.0
55 56 7.0
55 57 4.0
55 58 2.0
55 59 9.0
55 60 5.0
55 61 5.0
55 62 6.0
55 63 9.0
55 64 8.0
55 65 8.0
55 66 1.0
55 67 4.0
55 68 2.0
55 69 0.0
55 70 7.0
55 71 1.0
55 72 4.0
55 73 7.0
55 74 6.0
55 75 0.0
55 76 9.0
55 77 1.0
55 78 7.0
55 79 3.0
55 80 3.0
55 81 9.0
55 82 2.0
55 83 5.0
55 84 5.0
55 85 2.0
55 86 4.0
55 87 6.0
55 88 4.0
55 89 2.0
55 90 0.0
55 91 8.0
55 92 6.0
55 93 9.0
55 94 3.0
55 95 3.0
55 96 8.0
55 97 0.0
55 98 4.0
55 99 6.0
56 57 4.0
56 58 1.0
56 59 5.0
56 60 9.0
56 61 5.0
56 62 0.0
56 63 5.0
56 64 4.0
56 65 8.0
56 66 8.0
56 67 6.0
56 68 6.0
56 69 1.0
56 70 0.0
56 71 2.0
56 72 8.0
56 73 1.0
56 74 2.0
56 75 7.0
56 76 2.0
56 77 8.0
56 78 8.0
56 79 0.0
56 80 8.0
56 81 8.0
56 82 4.0
56 83 3.0
56 84 7.0
56 85 0.0
56 86 0.0
56 87 3.0
56 88 5.0
56 89 5.0
56 90 7.0
56 91 5.0
56 92 7.0
56 93 7.0
56 94 6.0
56 95 9.0
56 96 2.0
56 97 8.0
56 98 8.0
56 99 0.0
57 58 1.0
57 59 2.0
57 60 0.0
57 61 3.0
57 62 2.0
57 63 4.0
57 64 1.0
57 65 9.0
57 66 5.0
57 67 5.0
57 68 6.0
57 69 1.0
57 70 1.0
57 71 8.0
57 72 7.0
57 73 4.0
57 74 8.0
57 75 1.0
57 76 6.0
57 77 9.0
57 78 8.0
57 79 5.0
57 80 5.0
57 81 3.0
57 82 3.0
57 83 6.0
57 84 3.0
57 85 0.0
57 86 6.0
57 87 5.0
57 88 0.0
57 89 9.0
57 90 0.0
57 91 5.0
57 92 3.0
57 93 8.0
57 94 1.0
57 95 6.0
57 96 6.0
57 97 7.0
57 98 6.0
57 99 3.0
58 59 4.0
58 60 8.0
58 61 3.0
58 62 0.0
58 63 3.0
58 64 9.0
58 65 6.0
58 66 9.0
58 67 1.0
58 68 9.0
58 69 2.0
58 70 2.0
58 71 6.0
58 72 7.0
58 73 5.0
58 74 4.0
58 75 4.0
58 76 3.0
58 77 8.0
58 78 0.0
58 79 1.0
58 80 8.0
58 81 0.0
58 82 6.0
58 83 7.0
58 84 3.0
58 85 1.0
58 86 7.0
58 87 4.0
58 88 5.0
58 89 4.0
58 90 2.0
58 91 4.0
58 92 2.0
58 93 1.0
58 94 3.0
58 95 3.0
58 96 4.0
58 97 5.0
58 98 2.0
58 99 5.0
59 60 9.0
59 61 1.0
59 62 9.0
59 63 4.0
59 64 0.0
59 65 1.0
59 66 1.0
59 67 8.0
59 68 5.0
59 69 8.0
59 70 8.0
59 71 0.0
59 72 6.0
59 73 8.0
59 74 4.0
59 75 3.0
59 76 2.0
59 77 6.0
59 78 2.0
59 79 0.0
59 80 6.0
59 81 8.0
59 82 7.0
59 83 2.0
59 84 5.0
59 85 2.0
59 86 7.0
59 87 6.0
59 88 9.0
59 89 7.0
59 90 1.0
59 91 2.0
59 92 4.0
59 93 1.0
59 94 5.0
59 95 7.0
59 96 8.0
59 97 7.0
59 98 8.0
59 99 3.0
60 61 9.0
60 62 7.0
60 63 8.0
60 64 4.0
60 65 1.0
60 66 4.0
60 67 9.0
60 68 1.0
60 69 7.0
60 70 8.0
60 71 7.0
60 72 8.0
60 73 4.0
60 74 6.0
60 75 3.0
60 76 4.0
60 77 6.0
60 78 4.0
60 79 0.0
60 80 2.0
60 81 8.0
60 82 2.0
60 83 0.0
60 84 7.0
60 85 5.0
60 86 0.0
60 87 7.0
60 88 0.0
60 89 7.0
60 90 1.0
60 91 4.0
60 92 6.0
60 93 2.0
60 94 0.0
60 95 8.0
60 96 8.0
60 97 7.0
60 98 1.0
60 99 3.0
61 62 6.0
61 63 3.0
61 64 9.0
61 65 8.0
61 66 7.0
61 67 5.0
61 68 2.0
61 69 1.0
61 70 9.0
61 71 2.0
61 72 2.0
61 73 0.0
61 74 0.0
61 75 3.0
61 76 3.0
61 77 5.0
61 78 6.0
61 79 7.0
61 80 8.0
61 81 0.0
61 82 6.0
61 83 1.0
61 84 6.0
61 85 7.0
61 86 2.0
61 87 0.0
61 88 6.0
61 89 0.0
61 90 7.0
61 91 5.0
61 92 3.0
61 93 1.0
61 94 1.0
61 95 4.0
61 96 6.0
61 97 9.0
61 98 1.0
61 99 3.0
62 63 6.0
62 64 5.0
62 65 3.0
62 66 2.0
62 67 7.0
62 68 6.0
62 69 6.0
62 70 9.0
62 71 4.0
62 72 5.0
62 73 0.0
62 74 1.0
62 75 7.0
62 76 6.0
62 77 8.0
62 78 2.0
62 79 6.0
62 80 7.0
62 81 3.0
62 82 4.0
62 83 3.0
62 84 5.0
62 85 0.0
62 86 7.0
62 87 8.0
62 88 9.0
62 89 8.0
62 90 6.0
62 91 6.0
62 92 6.0
62 93 3.0
62 94 2.0
62 95 8.0
62 96 1.0
62 97 7.0
62 98 7.0
62 99 1.0
63 64 7.0
63 65 7.0
63 66 4.0
63 67 0.0
63 68 6.0
63 69 2.0
63 70 4.0
63 71 0.0
63 72 1.0
63 73 7.0
63 74 9.0
63 75 9.0
63 76 4.0
63 77 4.0
63 78 3.0
63 79 3.0
63 80 6.0
63 81 6.0
63 82 1.0
63 83 1.0
63 84 3.0
63 85 8.0
63 86 4.0
63 87 0.0
63 88 7.0
63 89 1.0
63 90 7.0
63 91 8.0
63 92 3.0
63 93 7.0
63 94 3.0
63 95 3.0
63 96 0.0
63 97 5.0
63 98 2.0
63 99 5.0
64 65 0.0
64 66 4.0
64 67 6.0
64 68 1.0
64 69 6.0
64 70 2.0
64 71 0.0
64 72 2.0
64 73 0.0
64 74 7.0
64 75 6.0
64 76 2.0
64 77 0.0
64 78 8.0
64 79 1.0
64 80 8.0
64 81 9.0
64 82 6.0
64 83 5.0
64 84 6.0
64 85 5.0
64 86 6.0
64 87 0.0
64 88 8.0
64 89 6.0
64 90 8.0
64 91 7.0
64 92 9.0
64 93 7.0
64 94 5.0
64 95 9.0
64 96 3.0
64 97 6.0
64 98 0.0
64 99 8.0
65 66 7.0
65 67 4.0
65 68 6.0
65 69 7.0
65 70 1.0
65 71 8.0
65 72 9.0
65 73 2.0
65 74 5.0
65 75 4.0
65 76 9.0
65 77 7.0
65 78 2.0
65 79 5.0
65 80 8.0
65 81 1.0
65 82 4.0
65 83 9.0
65 84 3.0
65 85 9.0
65 86 3.0
65 87 9.0
65 88 4.0
65 89 4.0
65 90 9.0
65 91 7.0
65 92 2.0
65 93 7.0
65 94 7.0
65 95 4.0
65 96 6.0
65 97 5.0
65 98 9.0
65 99 4.0
66 67 1.0
66 68 8.0
66 69 8.0
66 70 2.0
66 71 2.0
66 72 3.0
66 73 5.0
66 74 6.0
66 75 2.0
66 76 3.0
66 77 9.0
66 78 8.0
66 79 0.0
66 80 7.0
66 81 1.0
66 82 7.0
66 83 1.0
66 84 1.0
66 85 7.0
66 86 1.0
66 87 3.0
66 88 7.0
66 89 5.0
66 90 8.0
66 91 5.0
66 92 7.0
66 93 1.0
66 94 4.0
66 95 0.0
66 96 2.0
66 97 7.0
66 98 9.0
66 99 1.0
67 68 1.0
67 69 3.0
67 70 0.0
67 71 1.0
67 72 2.0
67 73 1.0
67 74 7.0
67 75 6.0
67 76 2.0
67 77 9.0
67 78 5.0
67 79 4.0
67 80 6.0
67 81 3.0
67 82 6.0
67 83 1.0
67 84 7.0
67 85 8.0
67 86 6.0
67 87 1.0
67 88 5.0
67 89 5.0
67 90 9.0
67 91 9.0
67 92 7.0
67 93 4.0
67 94 4.0
67 95 0.0
67 96 2.0
67 97 4.0
67 98 5.0
67 99 3.0
68 69 9.0
68 70 2.0
68 71 9.0
68 72 0.0
68 73 8.0
68 74 8.0
68 75 4.0
68 76 3.0
68 77 8.0
68 78 1.0
68 79 8.0
68 80 2.0
68 81 5.0
68 82 3.0
68 83 2.0
68 84 0.0
68 85 7.0
68 86 8.0
68 87 6.0
68 88 9.0
68 89 4.0
68 90 5.0
68 91 5.0
68 92 9.0
68 93 3.0
68 94 9.0
68 95 5.0
68 96 4.0
68 97 5.0
68 98 5.0
68 99 3.0
69 70 5.0
69 71 0.0
69 72 9.0
69 73 7.0
69 74 9.0
69 75 0.0
69 76 8.0
69 77 3.0
69 78 8.0
69 79 3.0
69 80 6.0
69 81 5.0
69 82 9.0
69 83 9.0
69 84 4.0
69 85 8.0
69 86 9.0
69 87 4.0
69 88 2.0
69 89 3.0
69 90 0.0
69 91 5.0
69 92 4.0
69 93 4.0
69 94 6.0
69 95 5.0
69 96 4.0
69 97 4.0
69 98 5.0
69 99 2.0
70 71 0.0
70 72 6.0
70 73 8.0
70 74 0.0
70 75 5.0
70 76 1.0
70 77 6.0
70 78 3.0
70 79 9.0
70 80 3.0
70 81 1.0
70 82 5.0
70 83 4.0
70 84 6.0
70 85 4.0
70 86 1.0
70 87 8.0
70 88 9.0
70 89 7.0
70 90 0.0
70 91 1.0
70 92 1.0
70 93 6.0
70 94 5.0
70 95 4.0
70 96 2.0
70 97 1.0
70 98 5.0
70 99 9.0
71 72 6.0
71 73 4.0
71 74 8.0
71 75 1.0
71 76 2.0
71 77 6.0
71 78 3.0
71 79 0.0
71 80 5.0
71 81 5.0
71 82 1.0
71 83 7.0
71 84 3.0
71 85 1.0
71 86 2.0
71 87 3.0
71 88 7.0
71 89 5.0
71 90 8.0
71 91 6.0
71 92 1.0
71 93 5.0
71 94 5.0
71 95 9.0
71 96 5.0
71 97 5.0
71 98 7.0
71 99 2.0
72 73 3.0
72 74 9.0
72 75 3.0
72 76 4.0
72 77 9.0
72 78 5.0
72 79 4.0
72 80 5.0
72 81 5.0
72 82 2.0
72 83 1.0
72 84 0.0
72 85 5.0
72 86 4.0
72 87 7.0
72 88 9.0
72 89 3.0
72 90 2.0
72 91 9.0
72 92 2.0
72 93 7.0
72 94 1.0
72 95 4.0
72 96 2.0
72 97 5.0
72 98 0.0
72 99 1.0
73 74 9.0
73 75 2.0
73 76 2.0
73 77 6.0
73 78 9.0
73 79 5.0
73 80 1.0
73 81 0.0
73 82 2.0
73 83 8.0
73 84 9.0
73 85 7.0
73 86 1.0
73 87 0.0
73 88 4.0
73 89 0.0
73 90 5.0
73 91 8.0
73 92 7.0
73 93 6.0
73 94 0.0
73 95 0.0
73 96 7.0
73 97 8.0
73 98 1.0
73 99 9.0
74 75 7.0
74 76 8.0
74 77 5.0
74 78 8.0
74 79 9.0
74 80 3.0
74 81 3.0
74 82 1.0
74 83 4.0
74 84 5.0
74 85 9.0
74 86 8.0
74 87 2.0
74 88 4.0
74 89 3.0
74 90 6.0
74 91 3.0
74 92 4.0
74 93 7.0
74 94 7.0
74 95 1.0
74 96 7.0
74 97 4.0
74 98 7.0
74 99 9.0
75 76 7.0
75 77 3.0
75 78 7.0
75 79 3.0
75 80 3.0
75 81 4.0
75 82 6.0
75 83 3.0
75 84 5.0
75 85 1.0
75 86 1.0
75 87 7.0
75 88 7.0
75 89 3.0
75 90 0.0
75 91 7.0
75 92 4.0
75 93 3.0
75 94 4.0
75 95 2.0
75 96 7.0
75 97 0.0
75 98 5.0
75 99 5.0
76 77 3.0
76 78 5.0
76 79 6.0
76 80 2.0
76 81 8.0
76 82 4.0
76 83 9.0
76 84 0.0
76 85 3.0
76 86 4.0
76 87 8.0
76 88 1.0
76 89 0.0
76 90 4.0
76 91 2.0
76 92 8.0
76 93 9.0
76 94 9.0
76 95 9.0
76 96 1.0
76 97 7.0
76 98 6.0
76 99 1.0
77 78 0.0
77 79 0.0
77 80 0.0
77 81 5.0
77 82 9.0
77 83 5.0
77 84 8.0
77 85 7.0
77 86 2.0
77 87 1.0
77 88 8.0
77 89 3.0
77 90 6.0
77 91 4.0
77 92 1.0
77 93 5.0
77 94 3.0
77 95 3.0
77 96 7.0
77 97 0.0
77 98 0.0
77 99 7.0
78 79 0.0
78 80 9.0
78 81 0.0
78 82 4.0
78 83 6.0
78 84 8.0
78 85 5.0
78 86 5.0
78 87 9.0
78 88 8.0
78 89 2.0
78 90 0.0
78 91 0.0
78 92 1.0
78 93 8.0
78 94 0.0
78 95 6.0
78 96 6.0
78 97 6.0
78 98 9.0
78 99 5.0
79 80 4.0
79 81 0.0
79 82 4.0
79 83 4.0
79 84 0.0
79 85 4.0
79 86 9.0
79 87 8.0
79 88 8.0
79 89 3.0
79 90 2.0
79 91 8.0
79 92 5.0
79 93 7.0
79 94 7.0
79 95 0.0
79 96 8.0
79 97 6.0
79 98 3.0
79 99 8.0
80 81 0.0
80 82 7.0
80 83 6.0
80 84 5.0
80 85 0.0
80 86 1.0
80 87 3.0
80 88 1.0
80 89 8.0
80 90 3.0
80 91 1.0
80 92 0.0
80 93 9.0
80 94 5.0
80 95 5.0
80 96 5.0
80 97 7.0
80 98 9.0
80 99 8.0
81 82 1.0
81 83 2.0
81 84 3.0
81 85 4.0
81 86 4.0
81 87 5.0
81 88 5.0
81 89 6.0
81 90 6.0
81 91 6.0
81 92 4.0
81 93 0.0
81 94 9.0
81 95 8.0
81 96 4.0
81 97 0.0
81 98 8.0
81 99 7.0
82 83 3.0
82 84 2.0
82 85 0.0
82 86 8.0
82 87 1.0
82 88 0.0
82 89 2.0
82 90 2.0
82 91 0.0
82 92 3.0
82 93 8.0
82 94 6.0
82 95 5.0
82 96 9.0
82 97 4.0
82 98 7.0
82 99 7.0
83 84 7.0
83 85 7.0
83 86 6.0
83 87 9.0
83 88 6.0
83 89 2.0
83 90 1.0
83 91 2.0
83 92 0.0
83 93 9.0
83 94 5.0
83 95 5.0
83 96 3.0
83 97 2.0
83 98 5.0
83 99 9.0
84 85 3.0
84 86 7.0
84 87 1.0
84 88 4.0
84 89 4.0
84 90 4.0
84 91 1.0
84 92 0.0
84 93 0.0
84 94 2.0
84 95 5.0
84 96 6.0
84 97 1.0
84 98 4.0
84 99 2.0
85 86 8.0
85 87 9.0
85 88 2.0
85 89 5.0
85 90 3.0
85 91 4.0
85 92 4.0
85 93 8.0
85 94 8.0
85 95 8.0
85 96 8.0
85 97 3.0
85 98 9.0
85 99 7.0
86 87 3.0
86 88 0.0
86 89 5.0
86 90 0.0
86 91 8.0
86 92 9.0
86 93 0.0
86 94 2.0
86 95 8.0
86 96 5.0
86 97 2.0
86 98 6.0
86 99 5.0
87 88 5.0
87 89 5.0
87 90 3.0
87 91 9.0
87 92 5.0
87 93 7.0
87 94 8.0
87 95 1.0
87 96 4.0
87 97 8.0
87 98 0.0
87 99 9.0
88 89 2.0
88 90 1.0
88 91 3.0
88 92 6.0
88 93 2.0
88 94 0.0
88 95 7.0
88 96 5.0
88 97 5.0
88 98 0.0
88 99 5.0
89 90 4.0
89 91 1.0
89 92 5.0
89 93 6.0
89 94 2.0
89 95 0.0
89 96 8.0
89 97 3.0
89 98 4.0
89 99 1.0
90 91 7.0
90 92 5.0
90 93 4.0
90 94 5.0
90 95 5.0
90 96 0.0
90 97 4.0
90 98 1.0
90 99 0.0
91 92 3.0
91 93 4.0
91 94 7.0
91 95 2.0
91 96 4.0
91 97 0.0
91 98 4.0
91 99 9.0
92 93 2.0
92 94 9.0
92 95 6.0
92 96 0.0
92 97 4.0
92 98 2.0
92 99 2.0
93 94 3.0
93 95 8.0
93 96 5.0
93 97 8.0
93 98 0.0
93 99 5.0
94 95 4.0
94 96 3.0
94 97 8.0
94 98 2.0
94 99 4.0
95 96 7.0
95 97 2.0
95 98 2.0
95 99 1.0
96 97 8.0
96 98 3.0
96 99 6.0
97 98 4.0
97 99 4.0
98 99 0.0
