125 37
0 1 0.0
0 2 0.0
0 3 9.0
0 4 7.0
0 5 5.0
0 6 4.0
0 7 1.0
0 8 5.0
0 9 9.0
0 10 2.0
0 11 0.0
0 12 2.0
0 13 8.0
0 14 0.0
0 15 2.0
0 16 7.0
0 17 4.0
0 18 6.0
0 19 1.0
0 20 0.0
0 21 8.0
0 22 3.0
0 23 1.0
0 24 5.0
0 25 5.0
0 26 3.0
0 27 4.0
0 28 0.0
0 29 0.0
0 30 0.0
0 31 5.0
0 32 2.0
0 33 2.0
0 34 9.0
0 35 4.0
0 36 4.0
0 37 4.0
0 38 0.0
0 39 9.0
0 40 8.0
0 41 6.0
0 42 8.0
0 43 2.0
0 44 6.0
0 45 6.0
0 46 8.0
0 47 9.0
0 48 1.0
0 49 8.0
0 50 9.0
0 51 5.0
0 52 5.0
0 53 0.0
0 54 7.0
0 55 9.0
0 56 3.0
0 57 2.0
0 58 9.0
0 59 8.0
0 60 1.0
0 61 2.0
0 62 2.0
0 63 1.0
0 64 9.0
0 65 4.0
0 66 5.0
0 67 8.0
0 68 3.0
0 69 7.0
0 70 9.0
0 71 5.0
0 72 1.0
0 73 6.0
0 74 8.0
0 75 0.0
0 76 5.0
0 77 4.0
0 78 8.0
0 79 9.0
0 80 6.0
0 81 1.0
0 82 6.0
0 83 7.0
0 84 9.0
0 85 3.0
0 86 4.0
0 87 5.0
0 88 8.0
0 89 3.0
0 90 0.0
0 91 6.0
0 92 8.0
0 93 1.0
0 94 5.0
0 95 6.0
0 96 6.0
0 97 2.0
0 98 9.0
0 99 4.0
0 100 1.0
0 101 7.0
0 102 8.0
0 103 5.0
0 104 6.0
0 105 8.0
0 106 2.0
0 107 6.0
0 108 1.0
0 109 4.0
0 110 9.0
0 111 5.0
0 112 1.0
0 113 6.0
0 114 3.0
0 115 5.0
0 116 3.0
0 117 9.0
0 118 3.0
0 119 2.0
0 120 2.0
0 121 9.0
0 122 6.0
0 123 9.0
0 124 0.0
1 2 3.0
1 3 2.0
1 4 6.0
1 5 9.0
1 6 1.0
1 7 2.0
1 8 0.0
1 9 4.0
1 10 7.0
1 11 9.0
1 12 2.0
1 13 1.0
1 14 4.0
1 15 3.0
1 16 6.0
1 17 7.0
1 18 3.0
1 19 9.0
1 20 4.0
1 21 3.0
1 22 4.0
1 23 6.0
1 24 5.0
1 25 9.0
1 26 2.0
1 27 3.0
1 28 4.0
1 29 8.0
1 30 1.0
1 31 2.0
1 32 6.0
1 33 9.0
1 34 2.0
1 35 0.0
1 36 8.0
1 37 7.0
1 38 1.0
1 39 3.0
1 40 4.0
1 41 4.0
1 42 0.0
1 43 7.0
1 44 6.0
1 45 5.0
1 46 8.0
1 47 9.0
1 48 2.0
1 49 5.0
1 50 1.0
1 51 1.0
1 52 5.0
1 53 0.0
1 54 2.0
1 55 9.0
1 56 4.0
1 57 7.0
1 58 1.0
1 59 5.0
1 60 7.0
1 61 1.0
1 62 8.0
1 63 2.0
1 64 3.0
1 65 3.0
1 66 2.0
1 67 3.0
1 68 8.0
1 69 9.0
1 70 1.0
1 71 4.0
1 72 1.0
1 73 7.0
1 74 8.0
1 75 1.0
1 76 0.0
1 77 3.0
1 78 5.0
1 79 1.0
1 80 5.0
1 81 7.0
1 82 2.0
1 83 8.0
1 84 8.0
1 85 1.0
1 86 8.0
1 87 0.0
1 88 0.0
1 89 9.0
1 90 8.0
1 91 6.0
1 92 0.0
1 93 1.0
1 94 1.0
1 95 7.0
1 96 4.0
1 97 4.0
1 98 4.0
1 99 1.0
1 100 9.0
1 101 1.0
1 102 9.0
1 103 4.0
1 104 3.0
1 105 1.0
1 106 1.0
1 107 2.0
1 108 5.0
1 109 6.0
1 110 3.0
1 111 8.0
1 112 6.0
1 113 5.0
1 114 3.0
1 115 1.0
1 116 5.0
1 117 9.0
1 118 5.0
1 119 4.0
1 120 9.0
1 121 8.0
1 122 5.0
1 123 2.0
1 124 6.0
2 3 5.0
2 4 3.0
2 5 0.0
2 6 0.0
2 7 4.0
2 8 8.0
2 9 5.0
2 10 0.0
2 11 6.0
2 12 8.0
2 13 9.0
2 14 1.0
2 15 5.0
2 16 7.0
2 17 1.0
2 18 7.0
2 19 5.0
2 20 8.0
2 21 0.0
2 22 3.0
2 23 6.0
2 24 4.0
2 25 7.0
2 26 5.0
2 27 4.0
2 28 3.0
2 29 9.0
2 30 8.0
2 31 1.0
2 32 2.0
2 33 0.0
2 34 0.0
2 35 2.0
2 36 0.0
2 37 6.0
2 38 2.0
2 39 8.0
2 40 3.0
2 41 3.0
2 42 3.0
2 43 7.0
2 44 1.0
2 45 3.0
2 46 6.0
2 47 2.0
2 48 1.0
2 49 1.0
2 50 0.0
2 51 8.0
2 52 3.0
2 53 3.0
2 54 7.0
2 55 5.0
2 56 8.0
2 57 6.0
2 58 1.0
2 59 7.0
2 60 3.0
2 61 5.0
2 62 2.0
2 63 5.0
2 64 9.0
2 65 7.0
2 66 8.0
2 67 3.0
2 68 7.0
2 69 2.0
2 70 2.0
2 71 7.0
2 72 8.0
2 73 6.0
2 74 5.0
2 75 0.0
2 76 9.0
2 77 0.0
2 78 3.0
2 79 8.0
2 80 8.0
2 81 8.0
2 82 5.0
2 83 1.0
2 84 7.0
2 85 4.0
2 86 0.0
2 87 3.0
2 88 6.0
2 89 3.0
2 90 9.0
2 91 3.0
2 92 1.0
2 93 4.0
2 94 7.0
2 95 2.0
2 96 1.0
2 97 3.0
2 98 2.0
2 99 8.0
2 100 6.0
2 101 0.0
2 102 0.0
2 103 5.0
2 104 3.0
2 105 5.0
2 106 1.0
2 107 4.0
2 108 5.0
2 109 2.0
2 110 7.0
2 111 5.0
2 112 0.0
2 113 5.0
2 114 9.0
2 115 5.0
2 116 7.0
2 117 7.0
2 118 6.0
2 119 6.0
2 120 8.0
2 121 1.0
2 122 3.0
2 123 6.0
2 124 6.0
3 4 9.0
3 5 7.0
3 6 4.0
3 7 4.0
3 8 9.0
3 9 7.0
3 10 7.0
3 11 8.0
3 12 7.0
3 13 2.0
3 14 4.0
3 15 3.0
3 16 8.0
3 17 1.0
3 18 6.0
3 19 2.0
3 20 1.0
3 21 7.0
3 22 9.0
3 23 4.0
3 24 7.0
3 25 0.0
3 26 6.0
3 27 0.0
3 28 8.0
3 29 0.0
3 30 1.0
3 31 9.0
3 32 7.0
3 33 4.0
3 34 9.0
3 35 2.0
3 36 2.0
3 37 2.0
3 38 9.0
3 39 1.0
3 40 7.0
3 41 4.0
3 42 5.0
3 43 1.0
3 44 5.0
3 45 5.0
3 46 2.0
3 47 3.0
3 48 8.0
3 49 5.0
3 50 2.0
3 51 1.0
3 52 2.0
3 53 4.0
3 54 0.0
3 55 2.0
3 56 9.0
3 57 3.0
3 58 6.0
3 59 3.0
3 60 7.0
3 61 0.0
3 62 5.0
3 63 2.0
3 64 2.0
3 65 3.0
3 66 5.0
3 67 8.0
3 68 8.0
3 69 9.0
3 70 2.0
3 71 8.0
3 72 4.0
3 73 9.0
3 74 4.0
3 75 4.0
3 76 8.0
3 77 6.0
3 78 3.0
3 79 3.0
3 80 2.0
3 81 4.0
3 82 7.0
3 83 6.0
3 84 7.0
3 85 3.0
3 86 5.0
3 87 0.0
3 88 4.0
3 89 9.0
3 90 9.0
3 91 1.0
3 92 8.0
3 93 5.0
3 94 8.0
3 95 9.0
3 96 5.0
3 97 2.0
3 98 2.0
3 99 4.0
3 100 2.0
3 101 7.0
3 102 9.0
3 103 4.0
3 104 2.0
3 105 0.0
3 106 6.0
3 107 6.0
3 108 3.0
3 109 3.0
3 110 0.0
3 111 1.0
3 112 5.0
3 113 7.0
3 114 4.0
3 115 8.0
3 116 8.0
3 117 5.0
3 118 8.0
3 119 1.0
3 120 6.0
3 121 2.0
3 122 6.0
3 123 0.0
3 124 5.0
4 5 3.0
4 6 0.0
4 7 0.0
4 8 8.0
4 9 0.0
4 10 9.0
4 11 3.0
4 12 1.0
4 13 4.0
4 14 8.0
4 15 1.0
4 16 8.0
4 17 5.0
4 18 3.0
4 19 8.0
4 20 5.0
4 21 4.0
4 22 9.0
4 23 7.0
4 24 2.0
4 25 8.0
4 26 8.0
4 27 7.0
4 28 6.0
4 29 4.0
4 30 7.0
4 31 3.0
4 32 4.0
4 33 6.0
4 34 8.0
4 35 9.0
4 36 3.0
4 37 4.0
4 38 6.0
4 39 7.0
4 40 8.0
4 41 6.0
4 42 1.0
4 43 2.0
4 44 2.0
4 45 0.0
4 46 8.0
4 47 5.0
4 48 7.0
4 49 8.0
4 50 2.0
4 51 1.0
4 52 4.0
4 53 1.0
4 54 1.0
4 55 5.0
4 56 3.0
4 57 6.0
4 58 5.0
4 59 0.0
4 60 8.0
4 61 1.0
4 62 9.0
4 63 1.0
4 64 9.0
4 65 2.0
4 66 6.0
4 67 6.0
4 68 6.0
4 69 5.0
4 70 5.0
4 71 0.0
4 72 8.0
4 73 0.0
4 74 5.0
4 75 2.0
4 76 3.0
4 77 4.0
4 78 3.0
4 79 8.0
4 80 3.0
4 81 5.0
4 82 2.0
4 83 8.0
4 84 3.0
4 85 5.0
4 86 0.0
4 87 5.0
4 88 3.0
4 89 3.0
4 90 1.0
4 91 2.0
4 92 0.0
4 93 8.0
4 94 2.0
4 95 3.0
4 96 8.0
4 97 5.0
4 98 2.0
4 99 8.0
4 100 5.0
4 101 9.0
4 102 9.0
4 103 2.0
4 104 3.0
4 105 6.0
4 106 3.0
4 107 2.0
4 108 1.0
4 109 1.0
4 110 1.0
4 111 0.0
4 112 1.0
4 113 3.0
4 114 2.0
4 115 6.0
4 116 0.0
4 117 5.0
4 118 8.0
4 119 5.0
4 120 4.0
4 121 5.0
4 122 7.0
4 123 6.0
4 124 1.0
5 6 3.0
5 7 7.0
5 8 7.0
5 9 6.0
5 10 7.0
5 11 9.0
5 12 5.0
5 13 5.0
5 14 8.0
5 15 0.0
5 16 6.0
5 17 2.0
5 18 1.0
5 19 5.0
5 20 9.0
5 21 4.0
5 22 2.0
5 23 1.0
5 24 9.0
5 25 4.0
5 26 5.0
5 27 0.0
5 28 0.0
5 29 9.0
5 30 3.0
5 31 2.0
5 32 8.0
5 33 4.0
5 34 2.0
5 35 3.0
5 36 8.0
5 37 7.0
5 38 7.0
5 39 2.0
5 40 3.0
5 41 7.0
5 42 5.0
5 43 6.0
5 44 0.0
5 45 7.0
5 46 6.0
5 47 6.0
5 48 4.0
5 49 7.0
5 50 6.0
5 51 3.0
5 52 4.0
5 53 8.0
5 54 6.0
5 55 1.0
5 56 5.0
5 57 9.0
5 58 3.0
5 59 5.0
5 60 1.0
5 61 3.0
5 62 6.0
5 63 0.0
5 64 1.0
5 65 0.0
5 66 6.0
5 67 9.0
5 68 7.0
5 69 9.0
5 70 7.0
5 71 7.0
5 72 5.0
5 73 8.0
5 74 4.0
5 75 1.0
5 76 9.0
5 77 7.0
5 78 6.0
5 79 9.0
5 80 5.0
5 81 5.0
5 82 5.0
5 83 8.0
5 84 2.0
5 85 2.0
5 86 4.0
5 87 3.0
5 88 0.0
5 89 3.0
5 90 5.0
5 91 4.0
5 92 8.0
5 93 2.0
5 94 2.0
5 95 6.0
5 96 0.0
5 97 9.0
5 98 5.0
5 99 3.0
5 100 8.0
5 101 3.0
5 102 9.0
5 103 9.0
5 104 2.0
5 105 1.0
5 106 2.0
5 107 5.0
5 108 2.0
5 109 5.0
5 110 4.0
5 111 5.0
5 112 8.0
5 113 2.0
5 114 1.0
5 115 4.0
5 116 0.0
5 117 4.0
5 118 0.0
5 119 4.0
5 120 0.0
5 121 8.0
5 122 8.0
5 123 7.0
5 124 8.0
6 7 0.0
6 8 9.0
6 9 6.0
6 10 6.0
6 11 1.0
6 12 1.0
6 13 3.0
6 14 6.0
6 15 4.0
6 16 7.0
6 17 9.0
6 18 0.0
6 19 4.0
6 20 7.0
6 21 9.0
6 22 8.0
6 23 9.0
6 24 9.0
6 25 2.0
6 26 5.0
6 27 4.0
6 28 7.0
6 29 5.0
6 30 2.0
6 31 5.0
6 32 9.0
6 33 0.0
6 34 5.0
6 35 7.0
6 36 3.0
6 37 3.0
6 38 1.0
6 39 7.0
6 40 4.0
6 41 2.0
6 42 9.0
6 43 9.0
6 44 6.0
6 45 9.0
6 46 4.0
6 47 7.0
6 48 4.0
6 49 0.0
6 50 6.0
6 51 3.0
6 52 4.0
6 53 3.0
6 54 7.0
6 55 1.0
6 56 5.0
6 57 5.0
6 58 7.0
6 59 7.0
6 60 7.0
6 61 6.0
6 62 9.0
6 63 0.0
6 64 5.0
6 65 1.0
6 66 9.0
6 67 3.0
6 68 9.0
6 69 1.0
6 70 5.0
6 71 7.0
6 72 3.0
6 73 3.0
6 74 8.0
6 75 2.0
6 76 6.0
6 77 1.0
6 78 9.0
6 79 8.0
6 80 8.0
6 81 1.0
6 82 6.0
6 83 2.0
6 84 8.0
6 85 4.0
6 86 9.0
6 87 9.0
6 88 2.0
6 89 8.0
6 90 8.0
6 91 3.0
6 92 7.0
6 93 8.0
6 94 7.0
6 95 9.0
6 96 0.0
6 97 7.0
6 98 7.0
6 99 1.0
6 100 8.0
6 101 9.0
6 102 3.0
6 103 2.0
6 104 5.0
6 105 8.0
6 106 5.0
6 107 1.0
6 108 6.0
6 109 9.0
6 110 2.0
6 111 1.0
6 112 8.0
6 113 7.0
6 114 4.0
6 115 4.0
6 116 3.0
6 117 3.0
6 118 3.0
6 119 7.0
6 120 1.0
6 121 6.0
6 122 8.0
6 123 5.0
6 124 0.0
7 8 0.0
7 9 9.0
7 10 4.0
7 11 6.0
7 12 1.0
7 13 3.0
7 14 2.0
7 15 8.0
7 16 0.0
7 17 3.0
7 18 6.0
7 19 4.0
7 20 3.0
7 21 7.0
7 22 3.0
7 23 6.0
7 24 5.0
7 25 8.0
7 26 7.0
7 27 2.0
7 28 9.0
7 29 5.0
7 30 9.0
7 31 2.0
7 32 6.0
7 33 4.0
7 34 0.0
7 35 4.0
7 36 5.0
7 37 6.0
7 38 5.0
7 39 1.0
7 40 9.0
7 41 3.0
7 42 2.0
7 43 2.0
7 44 9.0
7 45 8.0
7 46 9.0
7 47 0.0
7 48 3.0
7 49 4.0
7 50 2.0
7 51 8.0
7 52 6.0
7 53 0.0
7 54 5.0
7 55 3.0
7 56 3.0
7 57 8.0
7 58 7.0
7 59 4.0
7 60 5.0
7 61 7.0
7 62 6.0
7 63 7.0
7 64 8.0
7 65 8.0
7 66 2.0
7 67 0.0
7 68 5.0
7 69 4.0
7 70 3.0
7 71 8.0
7 72 7.0
7 73 8.0
7 74 3.0
7 75 7.0
7 76 5.0
7 77 2.0
7 78 9.0
7 79 1.0
7 80 1.0
7 81 1.0
7 82 4.0
7 83 2.0
7 84 1.0
7 85 0.0
7 86 3.0
7 87 8.0
7 88 1.0
7 89 9.0
7 90 5.0
7 91 5.0
7 92 9.0
7 93 1.0
7 94 0.0
7 95 7.0
7 96 8.0
7 97 5.0
7 98 9.0
7 99 0.0
7 100 0.0
7 101 3.0
7 102 9.0
7 103 6.0
7 104 0.0
7 105 6.0
7 106 1.0
7 107 3.0
7 108 2.0
7 109 6.0
7 110 4.0
7 111 5.0
7 112 2.0
7 113 4.0
7 114 2.0
7 115 7.0
7 116 0.0
7 117 3.0
7 118 0.0
7 119 3.0
7 120 9.0
7 121 0.0
7 122 0.0
7 123 5.0
7 124 8.0
8 9 1.0
8 10 7.0
8 11 3.0
8 12 9.0
8 13 6.0
8 14 5.0
8 15 4.0
8 16 8.0
8 17 1.0
8 18 4.0
8 19 9.0
8 20 7.0
8 21 2.0
8 22 8.0
8 23 1.0
8 24 0.0
8 25 8.0
8 26 7.0
8 27 5.0
8 28 8.0
8 29 6.0
8 30 3.0
8 31 1.0
8 32 2.0
8 33 7.0
8 34 7.0
8 35 2.0
8 36 7.0
8 37 6.0
8 38 0.0
8 39 1.0
8 40 3.0
8 41 0.0
8 42 4.0
8 43 3.0
8 44 3.0
8 45 3.0
8 46 0.0
8 47 0.0
8 48 1.0
8 49 4.0
8 50 6.0
8 51 2.0
8 52 3.0
8 53 2.0
8 54 8.0
8 55 1.0
8 56 2.0
8 57 8.0
8 58 7.0
8 59 1.0
8 60 1.0
8 61 5.0
8 62 7.0
8 63 2.0
8 64 7.0
8 65 2.0
8 66 1.0
8 67 4.0
8 68 5.0
8 69 4.0
8 70 6.0
8 71 1.0
8 72 0.0
8 73 8.0
8 74 5.0
8 75 3.0
8 76 0.0
8 77 2.0
8 78 5.0
8 79 6.0
8 80 3.0
8 81 2.0
8 82 4.0
8 83 8.0
8 84 5.0
8 85 9.0
8 86 5.0
8 87 3.0
8 88 4.0
8 89 2.0
8 90 4.0
8 91 7.0
8 92 2.0
8 93 8.0
8 94 1.0
8 95 3.0
8 96 3.0
8 97 6.0
8 98 1.0
8 99 4.0
8 100 4.0
8 101 0.0
8 102 4.0
8 103 3.0
8 104 6.0
8 105 1.0
8 106 8.0
8 107 2.0
8 108 4.0
8 109 0.0
8 110 8.0
8 111 5.0
8 112 5.0
8 113 7.0
8 114 7.0
8 115 1.0
8 116 4.0
8 117 8.0
8 118 9.0
8 119 4.0
8 120 2.0
8 121 6.0
8 122 1.0
8 123 1.0
8 124 1.0
9 10 8.0
9 11 6.0
9 12 0.0
9 13 7.0
9 14 3.0
9 15 3.0
9 16 6.0
9 17 2.0
9 18 5.0
9 19 1.0
9 20 1.0
9 21 8.0
9 22 3.0
9 23 5.0
9 24 9.0
9 25 8.0
9 26 1.0
9 27 5.0
9 28 4.0
9 29 4.0
9 30 6.0
9 31 2.0
9 32 6.0
9 33 2.0
9 34 2.0
9 35 3.0
9 36 8.0
9 37 4.0
9 38 6.0
9 39 7.0
9 40 7.0
9 41 8.0
9 42 2.0
9 43 4.0
9 44 0.0
9 45 5.0
9 46 7.0
9 47 2.0
9 48 5.0
9 49 1.0
9 50 3.0
9 51 4.0
9 52 9.0
9 53 3.0
9 54 6.0
9 55 6.0
9 56 8.0
9 57 4.0
9 58 8.0
9 59 4.0
9 60 5.0
9 61 0.0
9 62 7.0
9 63 4.0
9 64 7.0
9 65 8.0
9 66 8.0
9 67 7.0
9 68 2.0
9 69 8.0
9 70 6.0
9 71 1.0
9 72 5.0
9 73 4.0
9 74 9.0
9 75 5.0
9 76 7.0
9 77 8.0
9 78 0.0
9 79 9.0
9 80 0.0
9 81 6.0
9 82 5.0
9 83 7.0
9 84 0.0
9 85 1.0
9 86 0.0
9 87 4.0
9 88 6.0
9 89 2.0
9 90 7.0
9 91 9.0
9 92 4.0
9 93 9.0
9 94 5.0
9 95 9.0
9 96 4.0
9 97 7.0
9 98 3.0
9 99 7.0
9 100 0.0
9 101 7.0
9 102 6.0
9 103 2.0
9 104 4.0
9 105 0.0
9 106 4.0
9 107 4.0
9 108 9.0
9 109 0.0
9 110 5.0
9 111 1.0
9 112 7.0
9 113 6.0
9 114 3.0
9 115 8.0
9 116 7.0
9 117 4.0
9 118 1.0
9 119 9.0
9 120 1.0
9 121 1.0
9 122 3.0
9 123 8.0
9 124 9.0
10 11 8.0
10 12 6.0
10 13 0.0
10 14 2.0
10 15 9.0
10 16 6.0
10 17 6.0
10 18 2.0
10 19 9.0
10 20 2.0
10 21 9.0
10 22 7.0
10 23 1.0
10 24 0.0
10 25 3.0
10 26 1.0
10 27 9.0
10 28 2.0
10 29 9.0
10 30 8.0
10 31 1.0
10 32 6.0
10 33 2.0
10 34 1.0
10 35 2.0
10 36 7.0
10 37 0.0
10 38 0.0
10 39 0.0
10 40 4.0
10 41 6.0
10 42 5.0
10 43 0.0
10 44 2.0
10 45 9.0
10 46 2.0
10 47 5.0
10 48 9.0
10 49 6.0
10 50 2.0
10 51 1.0
10 52 6.0
10 53 7.0
10 54 7.0
10 55 8.0
10 56 1.0
10 57 6.0
10 58 4.0
10 59 7.0
10 60 8.0
10 61 1.0
10 62 2.0
10 63 8.0
10 64 9.0
10 65 7.0
10 66 5.0
10 67 4.0
10 68 6.0
10 69 0.0
10 70 0.0
10 71 8.0
10 72 3.0
10 73 1.0
10 74 3.0
10 75 1.0
10 76 8.0
10 77 0.0
10 78 4.0
10 79 6.0
10 80 3.0
10 81 0.0
10 82 0.0
10 83 1.0
10 84 2.0
10 85 2.0
10 86 8.0
10 87 9.0
10 88 0.0
10 89 1.0
10 90 8.0
10 91 2.0
10 92 1.0
10 93 2.0
10 94 0.0
10 95 2.0
10 96 7.0
10 97 5.0
10 98 7.0
10 99 8.0
10 100 1.0
10 101 8.0
10 102 7.0
10 103 2.0
10 104 3.0
10 105 5.0
10 106 5.0
10 107 0.0
10 108 6.0
10 109 3.0
10 110 9.0
10 111 4.0
10 112 2.0
10 113 4.0
10 114 7.0
10 115 1.0
10 116 0.0
10 117 3.0
10 118 0.0
10 119 8.0
10 120 5.0
10 121 6.0
10 122 7.0
10 123 1.0
10 124 4.0
11 12 3.0
11 13 8.0
11 14 4.0
11 15 9.0
11 16 6.0
11 17 1.0
11 18 4.0
11 19 7.0
11 20 1.0
11 21 1.0
11 22 6.0
11 23 7.0
11 24 1.0
11 25 1.0
11 26 8.0
11 27 1.0
11 28 1.0
11 29 4.0
11 30 6.0
11 31 3.0
11 32 6.0
11 33 4.0
11 34 8.0
11 35 0.0
11 36 9.0
11 37 0.0
11 38 6.0
11 39 3.0
11 40 5.0
11 41 0.0
11 42 1.0
11 43 3.0
11 44 3.0
11 45 3.0
11 46 1.0
11 47 0.0
11 48 8.0
11 49 4.0
11 50 5.0
11 51 6.0
11 52 5.0
11 53 5.0
11 54 7.0
11 55 6.0
11 56 0.0
11 57 0.0
11 58 8.0
11 59 0.0
11 60 2.0
11 61 3.0
11 62 9.0
11 63 4.0
11 64 6.0
11 65 0.0
11 66 6.0
11 67 3.0
11 68 9.0
11 69 7.0
11 70 8.0
11 71 8.0
11 72 0.0
11 73 1.0
11 74 6.0
11 75 5.0
11 76 5.0
11 77 0.0
11 78 3.0
11 79 3.0
11 80 5.0
11 81 6.0
11 82 3.0
11 83 7.0
11 84 9.0
11 85 8.0
11 86 1.0
11 87 3.0
11 88 4.0
11 89 7.0
11 90 8.0
11 91 3.0
11 92 4.0
11 93 5.0
11 94 9.0
11 95 2.0
11 96 5.0
11 97 9.0
11 98 1.0
11 99 9.0
11 100 6.0
11 101 5.0
11 102 9.0
11 103 7.0
11 104 6.0
11 105 9.0
11 106 4.0
11 107 1.0
11 108 8.0
11 109 9.0
11 110 6.0
11 111 5.0
11 112 7.0
11 113 7.0
11 114 0.0
11 115 2.0
11 116 2.0
11 117 6.0
11 118 9.0
11 119 7.0
11 120 8.0
11 121 0.0
11 122 6.0
11 123 1.0
11 124 9.0
12 13 0.0
12 14 3.0
12 15 7.0
12 16 7.0
12 17 0.0
12 18 7.0
12 19 3.0
12 20 6.0
12 21 6.0
12 22 2.0
12 23 2.0
12 24 7.0
12 25 4.0
12 26 3.0
12 27 3.0
12 28 8.0
12 29 4.0
12 30 7.0
12 31 5.0
12 32 9.0
12 33 4.0
12 34 8.0
12 35 8.0
12 36 7.0
12 37 0.0
12 38 6.0
12 39 7.0
12 40 8.0
12 41 9.0
12 42 8.0
12 43 3.0
12 44 1.0
12 45 2.0
12 46 6.0
12 47 0.0
12 48 1.0
12 49 8.0
12 50 1.0
12 51 0.0
12 52 2.0
12 53 7.0
12 54 1.0
12 55 6.0
12 56 5.0
12 57 4.0
12 58 9.0
12 59 1.0
12 60 0.0
12 61 6.0
12 62 4.0
12 63 2.0
12 64 7.0
12 65 3.0
12 66 6.0
12 67 1.0
12 68 1.0
12 69 1.0
12 70 2.0
12 71 2.0
12 72 2.0
12 73 0.0
12 74 1.0
12 75 9.0
12 76 1.0
12 77 3.0
12 78 8.0
12 79 9.0
12 80 3.0
12 81 6.0
12 82 9.0
12 83 0.0
12 84 1.0
12 85 1.0
12 86 1.0
12 87 9.0
12 88 5.0
12 89 2.0
12 90 9.0
12 91 7.0
12 92 7.0
12 93 0.0
12 94 7.0
12 95 5.0
12 96 7.0
12 97 8.0
12 98 9.0
12 99 2.0
12 100 2.0
12 101 7.0
12 102 0.0
12 103 4.0
12 104 5.0
12 105 4.0
12 106 7.0
12 107 3.0
12 108 3.0
12 109 7.0
12 110 8.0
12 111 1.0
12 112 9.0
12 113 1.0
12 114 5.0
12 115 2.0
12 116 8.0
12 117 4.0
12 118 7.0
12 119 6.0
12 120 0.0
12 121 2.0
12 122 1.0
12 123 9.0
12 124 4.0
13 14 4.0
13 15 4.0
13 16 2.0
13 17 8.0
13 18 7.0
13 19 4.0
13 20 5.0
13 21 1.0
13 22 4.0
13 23 3.0
13 24 6.0
13 25 3.0
13 26 8.0
13 27 2.0
13 28 1.0
13 29 4.0
13 30 4.0
13 31 5.0
13 32 9.0
13 33 8.0
13 34 2.0
13 35 8.0
13 36 5.0
13 37 2.0
13 38 7.0
13 39 5.0
13 40 2.0
13 41 6.0
13 42 1.0
13 43 6.0
13 44 5.0
13 45 0.0
13 46 2.0
13 47 2.0
13 48 8.0
13 49 5.0
13 50 2.0
13 51 1.0
13 52 0.0
13 53 1.0
13 54 3.0
13 55 6.0
13 56 2.0
13 57 4.0
13 58 6.0
13 59 1.0
13 60 3.0
13 61 3.0
13 62 7.0
13 63 7.0
13 64 6.0
13 65 0.0
13 66 0.0
13 67 0.0
13 68 5.0
13 69 9.0
13 70 9.0
13 71 8.0
13 72 8.0
13 73 4.0
13 74 0.0
13 75 8.0
13 76 3.0
13 77 7.0
13 78 7.0
13 79 4.0
13 80 3.0
13 81 8.0
13 82 5.0
13 83 2.0
13 84 3.0
13 85 3.0
13 86 5.0
13 87 9.0
13 88 3.0
13 89 4.0
13 90 8.0
13 91 6.0
13 92 1.0
13 93 5.0
13 94 1.0
13 95 3.0
13 96 9.0
13 97 3.0
13 98 0.0
13 99 3.0
13 100 0.0
13 101 2.0
13 102 6.0
13 103 3.0
13 104 1.0
13 105 2.0
13 106 8.0
13 107 3.0
13 108 3.0
13 109 0.0
13 110 4.0
13 111 7.0
13 112 0.0
13 113 8.0
13 114 2.0
13 115 1.0
13 116 2.0
13 117 2.0
13 118 8.0
13 119 3.0
13 120 1.0
13 121 7.0
13 122 7.0
13 123 7.0
13 124 5.0
14 15 1.0
14 16 4.0
14 17 6.0
14 18 9.0
14 19 7.0
14 20 7.0
14 21 5.0
14 22 0.0
14 23 8.0
14 24 2.0
14 25 6.0
14 26 4.0
14 27 1.0
14 28 0.0
14 29 6.0
14 30 1.0
14 31 6.0
14 32 6.0
14 33 9.0
14 34 5.0
14 35 1.0
14 36 2.0
14 37 5.0
14 38 3.0
14 39 0.0
14 40 9.0
14 41 3.0
14 42 1.0
14 43 3.0
14 44 2.0
14 45 3.0
14 46 8.0
14 47 3.0
14 48 6.0
14 49 1.0
14 50 3.0
14 51 6.0
14 52 3.0
14 53 3.0
14 54 9.0
14 55 0.0
14 56 4.0
14 57 8.0
14 58 0.0
14 59 9.0
14 60 7.0
14 61 7.0
14 62 2.0
14 63 2.0
14 64 1.0
14 65 9.0
14 66 1.0
14 67 9.0
14 68 8.0
14 69 1.0
14 70 8.0
14 71 0.0
14 72 3.0
14 73 5.0
14 74 1.0
14 75 4.0
14 76 9.0
14 77 6.0
14 78 2.0
14 79 4.0
14 80 9.0
14 81 1.0
14 82 2.0
14 83 0.0
14 84 9.0
14 85 4.0
14 86 1.0
14 87 5.0
14 88 7.0
14 89 6.0
14 90 3.0
14 91 9.0
14 92 9.0
14 93 6.0
14 94 9.0
14 95 1.0
14 96 3.0
14 97 4.0
14 98 2.0
14 99 1.0
14 100 7.0
14 101 4.0
14 102 7.0
14 103 3.0
14 104 0.0
14 105 8.0
14 106 0.0
14 107 9.0
14 108 4.0
14 109 2.0
14 110 6.0
14 111 2.0
14 112 9.0
14 113 8.0
14 114 7.0
14 115 9.0
14 116 9.0
14 117 8.0
14 118 6.0
14 119 2.0
14 120 7.0
14 121 6.0
14 122 3.0
14 123 4.0
14 124 4.0
15 16 5.0
15 17 2.0
15 18 8.0
15 19 7.0
15 20 8.0
15 21 6.0
15 22 5.0
15 23 8.0
15 24 4.0
15 25 8.0
15 26 4.0
15 27 8.0
15 28 3.0
15 29 8.0
15 30 8.0
15 31 7.0
15 32 6.0
15 33 4.0
15 34 9.0
15 35 2.0
15 36 8.0
15 37 0.0
15 38 0.0
15 39 1.0
15 40 3.0
15 41 9.0
15 42 5.0
15 43 0.0
15 44 5.0
15 45 5.0
15 46 0.0
15 47 0.0
15 48 2.0
15 49 6.0
15 50 7.0
15 51 0.0
15 52 4.0
15 53 0.0
15 54 2.0
15 55 4.0
15 56 9.0
15 57 6.0
15 58 6.0
15 59 0.0
15 60 6.0
15 61 6.0
15 62 1.0
15 63 7.0
15 64 0.0
15 65 5.0
15 66 1.0
15 67 1.0
15 68 0.0
15 69 4.0
15 70 5.0
15 71 2.0
15 72 1.0
15 73 7.0
15 74 1.0
15 75 9.0
15 76 0.0
15 77 9.0
15 78 1.0
15 79 3.0
15 80 6.0
15 81 3.0
15 82 5.0
15 83 7.0
15 84 1.0
15 85 8.0
15 86 3.0
15 87 1.0
15 88 7.0
15 89 3.0
15 90 4.0
15 91 7.0
15 92 6.0
15 93 9.0
15 94 0.0
15 95 1.0
15 96 4.0
15 97 9.0
15 98 6.0
15 99 7.0
15 100 7.0
15 101 3.0
15 102 8.0
15 103 5.0
15 104 4.0
15 105 4.0
15 106 1.0
15 107 1.0
15 108 7.0
15 109 9.0
15 110 8.0
15 111 9.0
15 112 0.0
15 113 9.0
15 114 7.0
15 115 2.0
15 116 5.0
15 117 4.0
15 118 7.0
15 119 8.0
15 120 0.0
15 121 4.0
15 122 4.0
15 123 9.0
15 124 0.0
16 17 8.0
16 18 4.0
16 19 5.0
16 20 4.0
16 21 1.0
16 22 5.0
16 23 2.0
16 24 6.0
16 25 6.0
16 26 9.0
16 27 2.0
16 28 3.0
16 29 1.0
16 30 1.0
16 31 9.0
16 32 3.0
16 33 4.0
16 34 4.0
16 35 8.0
16 36 2.0
16 37 6.0
16 38 5.0
16 39 3.0
16 40 3.0
16 41 5.0
16 42 1.0
16 43 3.0
16 44 7.0
16 45 3.0
16 46 7.0
16 47 3.0
16 48 7.0
16 49 0.0
16 50 1.0
16 51 1.0
16 52 5.0
16 53 3.0
16 54 8.0
16 55 8.0
16 56 8.0
16 57 9.0
16 58 8.0
16 59 5.0
16 60 8.0
16 61 4.0
16 62 5.0
16 63 1.0
16 64 9.0
16 65 2.0
16 66 5.0
16 67 3.0
16 68 4.0
16 69 3.0
16 70 4.0
16 71 9.0
16 72 2.0
16 73 4.0
16 74 9.0
16 75 2.0
16 76 7.0
16 77 6.0
16 78 0.0
16 79 3.0
16 80 7.0
16 81 2.0
16 82 3.0
16 83 4.0
16 84 3.0
16 85 0.0
16 86 5.0
16 87 8.0
16 88 7.0
16 89 5.0
16 90 8.0
16 91 1.0
16 92 7.0
16 93 4.0
16 94 6.0
16 95 1.0
16 96 7.0
16 97 0.0
16 98 2.0
16 99 6.0
16 100 4.0
16 101 0.0
16 102 8.0
16 103 0.0
16 104 8.0
16 105 3.0
16 106 6.0
16 107 2.0
16 108 6.0
16 109 6.0
16 110 6.0
16 111 2.0
16 112 6.0
16 113 5.0
16 114 4.0
16 115 4.0
16 116 6.0
16 117 6.0
16 118 8.0
16 119 9.0
16 120 7.0
16 121 8.0
16 122 1.0
16 123 8.0
16 124 3.0
17 18 9.0
17 19 8.0
17 20 1.0
17 21 4.0
17 22 3.0
17 23 1.0
17 24 5.0
17 25 2.0
17 26 8.0
17 27 4.0
17 28 7.0
17 29 2.0
17 30 0.0
17 31 6.0
17 32 5.0
17 33 2.0
17 34 9.0
17 35 6.0
17 36 1.0
17 37 4.0
17 38 9.0
17 39 0.0
17 40 1.0
17 41 5.0
17 42 1.0
17 43 8.0
17 44 0.0
17 45 7.0
17 46 4.0
17 47 7.0
17 48 8.0
17 49 0.0
17 50 2.0
17 51 0.0
17 52 7.0
17 53 5.0
17 54 8.0
17 55 1.0
17 56 7.0
17 57 7.0
17 58 9.0
17 59 2.0
17 60 3.0
17 61 1.0
17 62 8.0
17 63 9.0
17 64 0.0
17 65 5.0
17 66 7.0
17 67 2.0
17 68 4.0
17 69 8.0
17 70 5.0
17 71 2.0
17 72 7.0
17 73 8.0
17 74 9.0
17 75 7.0
17 76 7.0
17 77 2.0
17 78 6.0
17 79 0.0
17 80 6.0
17 81 2.0
17 82 7.0
17 83 3.0
17 84 3.0
17 85 3.0
17 86 1.0
17 87 2.0
17 88 5.0
17 89 7.0
17 90 9.0
17 91 4.0
17 92 6.0
17 93 3.0
17 94 9.0
17 95 3.0
17 96 2.0
17 97 5.0
17 98 2.0
17 99 7.0
17 100 3.0
17 101 4.0
17 102 1.0
17 103 3.0
17 104 6.0
17 105 5.0
17 106 2.0
17 107 0.0
17 108 4.0
17 109 1.0
17 110 0.0
17 111 4.0
17 112 5.0
17 113 4.0
17 114 8.0
17 115 7.0
17 116 6.0
17 117 2.0
17 118 0.0
17 119 3.0
17 120 5.0
17 121 0.0
17 122 0.0
17 123 9.0
17 124 3.0
18 19 5.0
18 20 1.0
18 21 5.0
18 22 5.0
18 23 3.0
18 24 1.0
18 25 8.0
18 26 1.0
18 27 2.0
18 28 8.0
18 29 9.0
18 30 4.0
18 31 3.0
18 32 8.0
18 33 0.0
18 34 2.0
18 35 9.0
18 36 2.0
18 37 4.0
18 38 5.0
18 39 6.0
18 40 9.0
18 41 5.0
18 42 6.0
18 43 8.0
18 44 0.0
18 45 5.0
18 46 1.0
18 47 9.0
18 48 3.0
18 49 9.0
18 50 4.0
18 51 0.0
18 52 7.0
18 53 3.0
18 54 3.0
18 55 5.0
18 56 7.0
18 57 6.0
18 58 3.0
18 59 7.0
18 60 7.0
18 61 9.0
18 62 5.0
18 63 8.0
18 64 1.0
18 65 0.0
18 66 4.0
18 67 2.0
18 68 1.0
18 69 8.0
18 70 0.0
18 71 0.0
18 72 4.0
18 73 1.0
18 74 6.0
18 75 3.0
18 76 4.0
18 77 8.0
18 78 9.0
18 79 2.0
18 80 2.0
18 81 5.0
18 82 4.0
18 83 1.0
18 84 1.0
18 85 5.0
18 86 4.0
18 87 7.0
18 88 0.0
18 89 6.0
18 90 5.0
18 91 2.0
18 92 8.0
18 93 3.0
18 94 9.0
18 95 0.0
18 96 8.0
18 97 1.0
18 98 8.0
18 99 1.0
18 100 6.0
18 101 2.0
18 102 0.0
18 103 7.0
18 104 1.0
18 105 3.0
18 106 5.0
18 107 8.0
18 108 1.0
18 109 0.0
18 110 0.0
18 111 6.0
18 112 8.0
18 113 3.0
18 114 7.0
18 115 8.0
18 116 4.0
18 117 3.0
18 118 5.0
18 119 2.0
18 120 4.0
18 121 1.0
18 122 2.0
18 123 6.0
18 124 4.0
19 20 0.0
19 21 4.0
19 22 2.0
19 23 5.0
19 24 8.0
19 25 2.0
19 26 5.0
19 27 9.0
19 28 8.0
19 29 4.0
19 30 7.0
19 31 8.0
19 32 0.0
19 33 3.0
19 34 9.0
19 35 6.0
19 36 2.0
19 37 7.0
19 38 9.0
19 39 3.0
19 40 5.0
19 41 0.0
19 42 9.0
19 43 3.0
19 44 1.0
19 45 4.0
19 46 8.0
19 47 7.0
19 48 3.0
19 49 0.0
19 50 7.0
19 51 7.0
19 52 4.0
19 53 4.0
19 54 0.0
19 55 9.0
19 56 9.0
19 57 1.0
19 58 2.0
19 59 8.0
19 60 6.0
19 61 7.0
19 62 8.0
19 63 5.0
19 64 7.0
19 65 2.0
19 66 8.0
19 67 9.0
19 68 2.0
19 69 6.0
19 70 1.0
19 71 9.0
19 72 2.0
19 73 6.0
19 74 2.0
19 75 5.0
19 76 6.0
19 77 9.0
19 78 1.0
19 79 1.0
19 80 9.0
19 81 2.0
19 82 0.0
19 83 1.0
19 84 2.0
19 85 5.0
19 86 0.0
19 87 2.0
19 88 9.0
19 89 2.0
19 90 7.0
19 91 4.0
19 92 1.0
19 93 7.0
19 94 6.0
19 95 0.0
19 96 8.0
19 97 5.0
19 98 8.0
19 99 4.0
19 100 0.0
19 101 3.0
19 102 2.0
19 103 0.0
19 104 6.0
19 105 9.0
19 106 4.0
19 107 6.0
19 108 5.0
19 109 4.0
19 110 8.0
19 111 5.0
19 112 4.0
19 113 5.0
19 114 2.0
19 115 9.0
19 116 1.0
19 117 4.0
19 118 6.0
19 119 0.0
19 120 9.0
19 121 2.0
19 122 7.0
19 123 7.0
19 124 5.0
20 21 2.0
20 22 2.0
20 23 3.0
20 24 3.0
20 25 5.0
20 26 6.0
20 27 6.0
20 28 0.0
20 29 5.0
20 30 0.0
20 31 7.0
20 32 4.0
20 33 6.0
20 34 7.0
20 35 3.0
20 36 6.0
20 37 3.0
20 38 7.0
20 39 2.0
20 40 2.0
20 41 5.0
20 42 9.0
20 43 2.0
20 44 2.0
20 45 3.0
20 46 7.0
20 47 6.0
20 48 5.0
20 49 7.0
20 50 0.0
20 51 9.0
20 52 6.0
20 53 7.0
20 54 3.0
20 55 6.0
20 56 8.0
20 57 5.0
20 58 1.0
20 59 4.0
20 60 2.0
20 61 4.0
20 62 8.0
20 63 2.0
20 64 4.0
20 65 5.0
20 66 5.0
20 67 4.0
20 68 8.0
20 69 8.0
20 70 8.0
20 71 2.0
20 72 0.0
20 73 2.0
20 74 0.0
20 75 1.0
20 76 6.0
20 77 6.0
20 78 8.0
20 79 8.0
20 80 4.0
20 81 7.0
20 82 5.0
20 83 7.0
20 84 8.0
20 85 3.0
20 86 2.0
20 87 4.0
20 88 7.0
20 89 9.0
20 90 6.0
20 91 7.0
20 92 6.0
20 93 0.0
20 94 7.0
20 95 0.0
20 96 7.0
20 97 4.0
20 98 7.0
20 99 6.0
20 100 6.0
20 101 6.0
20 102 0.0
20 103 4.0
20 104 4.0
20 105 9.0
20 106 6.0
20 107 7.0
20 108 3.0
20 109 6.0
20 110 2.0
20 111 3.0
20 112 0.0
20 113 7.0
20 114 7.0
20 115 1.0
20 116 7.0
20 117 4.0
20 118 7.0
20 119 7.0
20 120 8.0
20 121 3.0
20 122 7.0
20 123 5.0
20 124 0.0
21 22 2.0
21 23 9.0
21 24 6.0
21 25 2.0
21 26 6.0
21 27 0.0
21 28 2.0
21 29 8.0
21 30 5.0
21 31 1.0
21 32 4.0
21 33 1.0
21 34 9.0
21 35 6.0
21 36 3.0
21 37 8.0
21 38 4.0
21 39 5.0
21 40 6.0
21 41 5.0
21 42 2.0
21 43 0.0
21 44 4.0
21 45 5.0
21 46 4.0
21 47 2.0
21 48 4.0
21 49 8.0
21 50 6.0
21 51 1.0
21 52 3.0
21 53 7.0
21 54 3.0
21 55 0.0
21 56 4.0
21 57 3.0
21 58 8.0
21 59 3.0
21 60 4.0
21 61 5.0
21 62 9.0
21 63 3.0
21 64 5.0
21 65 9.0
21 66 6.0
21 67 6.0
21 68 0.0
21 69 7.0
21 70 0.0
21 71 2.0
21 72 5.0
21 73 8.0
21 74 9.0
21 75 3.0
21 76 2.0
21 77 7.0
21 78 7.0
21 79 7.0
21 80 9.0
21 81 1.0
21 82 1.0
21 83 9.0
21 84 4.0
21 85 9.0
21 86 6.0
21 87 8.0
21 88 2.0
21 89 7.0
21 90 5.0
21 91 3.0
21 92 6.0
21 93 4.0
21 94 5.0
21 95 5.0
21 96 5.0
21 97 2.0
21 98 3.0
21 99 0.0
21 100 7.0
21 101 8.0
21 102 0.0
21 103 8.0
21 104 8.0
21 105 0.0
21 106 0.0
21 107 9.0
21 108 4.0
21 109 1.0
21 110 6.0
21 111 1.0
21 112 1.0
21 113 4.0
21 114 8.0
21 115 9.0
21 116 1.0
21 117 8.0
21 118 8.0
21 119 5.0
21 120 0.0
21 121 5.0
21 122 5.0
21 123 8.0
21 124 5.0
22 23 9.0
22 24 7.0
22 25 1.0
22 26 1.0
22 27 9.0
22 28 7.0
22 29 9.0
22 30 7.0
22 31 7.0
22 32 0.0
22 33 5.0
22 34 1.0
22 35 3.0
22 36 9.0
22 37 6.0
22 38 4.0
22 39 3.0
22 40 0.0
22 41 7.0
22 42 4.0
22 43 6.0
22 44 5.0
22 45 1.0
22 46 8.0
22 47 1.0
22 48 3.0
22 49 0.0
22 50 6.0
22 51 8.0
22 52 6.0
22 53 9.0
22 54 5.0
22 55 6.0
22 56 7.0
22 57 9.0
22 58 3.0
22 59 2.0
22 60 4.0
22 61 5.0
22 62 9.0
22 63 2.0
22 64 1.0
22 65 1.0
22 66 0.0
22 67 4.0
22 68 4.0
22 69 5.0
22 70 9.0
22 71 1.0
22 72 9.0
22 73 4.0
22 74 8.0
22 75 4.0
22 76 6.0
22 77 6.0
22 78 5.0
22 79 5.0
22 80 1.0
22 81 7.0
22 82 8.0
22 83 9.0
22 84 4.0
22 85 6.0
22 86 4.0
22 87 9.0
22 88 5.0
22 89 8.0
22 90 5.0
22 91 8.0
22 92 8.0
22 93 8.0
22 94 2.0
22 95 2.0
22 96 8.0
22 97 4.0
22 98 5.0
22 99 6.0
22 100 2.0
22 101 5.0
22 102 2.0
22 103 7.0
22 104 7.0
22 105 4.0
22 106 7.0
22 107 9.0
22 108 3.0
22 109 0.0
22 110 1.0
22 111 0.0
22 112 2.0
22 113 3.0
22 114 4.0
22 115 3.0
22 116 3.0
22 117 6.0
22 118 5.0
22 119 8.0
22 120 9.0
22 121 6.0
22 122 5.0
22 123 7.0
22 124 0.0
23 24 6.0
23 25 4.0
23 26 9.0
23 27 1.0
23 28 2.0
23 29 0.0
23 30 4.0
23 31 2.0
23 32 0.0
23 33 2.0
23 34 0.0
23 35 1.0
23 36 7.0
23 37 8.0
23 38 6.0
23 39 6.0
23 40 1.0
23 41 9.0
23 42 7.0
23 43 4.0
23 44 8.0
23 45 0.0
23 46 2.0
23 47 7.0
23 48 8.0
23 49 2.0
23 50 6.0
23 51 1.0
23 52 9.0
23 53 9.0
23 54 6.0
23 55 1.0
23 56 0.0
23 57 8.0
23 58 9.0
23 59 2.0
23 60 4.0
23 61 1.0
23 62 3.0
23 63 9.0
23 64 7.0
23 65 0.0
23 66 4.0
23 67 2.0
23 68 1.0
23 69 2.0
23 70 7.0
23 71 2.0
23 72 3.0
23 73 2.0
23 74 8.0
23 75 8.0
23 76 4.0
23 77 2.0
23 78 5.0
23 79 5.0
23 80 4.0
23 81 6.0
23 82 3.0
23 83 8.0
23 84 3.0
23 85 5.0
23 86 2.0
23 87 1.0
23 88 5.0
23 89 4.0
23 90 0.0
23 91 0.0
23 92 9.0
23 93 2.0
23 94 2.0
23 95 8.0
23 96 1.0
23 97 1.0
23 98 1.0
23 99 2.0
23 100 8.0
23 101 3.0
23 102 9.0
23 103 0.0
23 104 8.0
23 105 9.0
23 106 6.0
23 107 8.0
23 108 2.0
23 109 7.0
23 110 6.0
23 111 3.0
23 112 7.0
23 113 5.0
23 114 7.0
23 115 8.0
23 116 1.0
23 117 5.0
23 118 5.0
23 119 1.0
23 120 6.0
23 121 1.0
23 122 0.0
23 123 6.0
23 124 5.0
24 25 0.0
24 26 0.0
24 27 7.0
24 28 9.0
24 29 0.0
24 30 7.0
24 31 3.0
24 32 3.0
24 33 7.0
24 34 3.0
24 35 2.0
24 36 2.0
24 37 5.0
24 38 1.0
24 39 0.0
24 40 4.0
24 41 0.0
24 42 5.0
24 43 4.0
24 44 6.0
24 45 6.0
24 46 6.0
24 47 1.0
24 48 5.0
24 49 9.0
24 50 2.0
24 51 8.0
24 52 7.0
24 53 1.0
24 54 6.0
24 55 8.0
24 56 4.0
24 57 8.0
24 58 3.0
24 59 0.0
24 60 3.0
24 61 2.0
24 62 6.0
24 63 7.0
24 64 2.0
24 65 7.0
24 66 5.0
24 67 0.0
24 68 7.0
24 69 3.0
24 70 0.0
24 71 9.0
24 72 4.0
24 73 1.0
24 74 0.0
24 75 9.0
24 76 8.0
24 77 5.0
24 78 3.0
24 79 7.0
24 80 3.0
24 81 9.0
24 82 4.0
24 83 4.0
24 84 7.0
24 85 1.0
24 86 0.0
24 87 0.0
24 88 4.0
24 89 4.0
24 90 8.0
24 91 7.0
24 92 8.0
24 93 2.0
24 94 5.0
24 95 3.0
24 96 9.0
24 97 2.0
24 98 3.0
24 99 3.0
24 100 5.0
24 101 1.0
24 102 0.0
24 103 0.0
24 104 4.0
24 105 5.0
24 106 8.0
24 107 0.0
24 108 1.0
24 109 3.0
24 110 8.0
24 111 1.0
24 112 6.0
24 113 9.0
24 114 4.0
24 115 3.0
24 116 7.0
24 117 6.0
24 118 2.0
24 119 6.0
24 120 3.0
24 121 9.0
24 122 4.0
24 123 5.0
24 124 1.0
25 26 8.0
25 27 2.0
25 28 6.0
25 29 5.0
25 30 4.0
25 31 0.0
25 32 2.0
25 33 4.0
25 34 1.0
25 35 3.0
25 36 9.0
25 37 0.0
25 38 5.0
25 39 2.0
25 40 2.0
25 41 6.0
25 42 5.0
25 43 0.0
25 44 8.0
25 45 2.0
25 46 7.0
25 47 7.0
25 48 4.0
25 49 8.0
25 50 5.0
25 51 8.0
25 52 5.0
25 53 6.0
25 54 5.0
25 55 7.0
25 56 9.0
25 57 6.0
25 58 5.0
25 59 4.0
25 60 8.0
25 61 0.0
25 62 6.0
25 63 0.0
25 64 2.0
25 65 6.0
25 66 8.0
25 67 3.0
25 68 4.0
25 69 5.0
25 70 5.0
25 71 9.0
25 72 7.0
25 73 0.0
25 74 6.0
25 75 6.0
25 76 4.0
25 77 7.0
25 78 9.0
25 79 7.0
25 80 8.0
25 81 6.0
25 82 7.0
25 83 4.0
25 84 8.0
25 85 1.0
25 86 6.0
25 87 5.0
25 88 4.0
25 89 2.0
25 90 9.0
25 91 8.0
25 92 7.0
25 93 7.0
25 94 9.0
25 95 6.0
25 96 1.0
25 97 5.0
25 98 4.0
25 99 9.0
25 100 7.0
25 101 8.0
25 102 8.0
25 103 6.0
25 104 9.0
25 105 9.0
25 106 3.0
25 107 4.0
25 108 2.0
25 109 6.0
25 110 4.0
25 111 9.0
25 112 5.0
25 113 1.0
25 114 7.0
25 115 8.0
25 116 1.0
25 117 1.0
25 118 1.0
25 119 7.0
25 120 2.0
25 121 6.0
25 122 5.0
25 123 9.0
25 124 4.0
26 27 2.0
26 28 5.0
26 29 7.0
26 30 9.0
26 31 3.0
26 32 8.0
26 33 8.0
26 34 3.0
26 35 3.0
26 36 8.0
26 37 4.0
26 38 8.0
26 39 0.0
26 40 5.0
26 41 2.0
26 42 8.0
26 43 3.0
26 44 2.0
26 45 3.0
26 46 6.0
26 47 7.0
26 48 4.0
26 49 5.0
26 50 8.0
26 51 2.0
26 52 6.0
26 53 9.0
26 54 9.0
26 55 8.0
26 56 9.0
26 57 7.0
26 58 9.0
26 59 9.0
26 60 5.0
26 61 9.0
26 62 7.0
26 63 8.0
26 64 6.0
26 65 2.0
26 66 5.0
26 67 4.0
26 68 3.0
26 69 0.0
26 70 0.0
26 71 6.0
26 72 9.0
26 73 9.0
26 74 8.0
26 75 8.0
26 76 4.0
26 77 9.0
26 78 5.0
26 79 2.0
26 80 5.0
26 81 9.0
26 82 8.0
26 83 4.0
26 84 2.0
26 85 4.0
26 86 3.0
26 87 1.0
26 88 0.0
26 89 3.0
26 90 4.0
26 91 5.0
26 92 5.0
26 93 1.0
26 94 6.0
26 95 2.0
26 96 9.0
26 97 8.0
26 98 1.0
26 99 7.0
26 100 7.0
26 101 4.0
26 102 1.0
26 103 9.0
26 104 4.0
26 105 3.0
26 106 1.0
26 107 4.0
26 108 3.0
26 109 3.0
26 110 9.0
26 111 8.0
26 112 3.0
26 113 2.0
26 114 9.0
26 115 7.0
26 116 3.0
26 117 5.0
26 118 2.0
26 119 0.0
26 120 6.0
26 121 7.0
26 122 4.0
26 123 2.0
26 124 2.0
27 28 8.0
27 29 4.0
27 30 0.0
27 31 5.0
27 32 7.0
27 33 6.0
27 34 8.0
27 35 0.0
27 36 1.0
27 37 6.0
27 38 4.0
27 39 5.0
27 40 2.0
27 41 6.0
27 42 5.0
27 43 9.0
27 44 5.0
27 45 9.0
27 46 5.0
27 47 7.0
27 48 6.0
27 49 7.0
27 50 5.0
27 51 9.0
27 52 2.0
27 53 6.0
27 54 5.0
27 55 5.0
27 56 4.0
27 57 8.0
27 58 6.0
27 59 8.0
27 60 5.0
27 61 6.0
27 62 6.0
27 63 1.0
27 64 3.0
27 65 0.0
27 66 4.0
27 67 0.0
27 68 6.0
27 69 4.0
27 70 4.0
27 71 9.0
27 72 6.0
27 73 1.0
27 74 9.0
27 75 9.0
27 76 2.0
27 77 3.0
27 78 4.0
27 79 4.0
27 80 7.0
27 81 5.0
27 82 1.0
27 83 2.0
27 84 0.0
27 85 4.0
27 86 7.0
27 87 8.0
27 88 7.0
27 89 2.0
27 90 9.0
27 91 0.0
27 92 7.0
27 93 6.0
27 94 6.0
27 95 6.0
27 96 3.0
27 97 1.0
27 98 3.0
27 99 3.0
27 100 8.0
27 101 3.0
27 102 0.0
27 103 7.0
27 104 3.0
27 105 0.0
27 106 0.0
27 107 0.0
27 108 4.0
27 109 0.0
27 110 3.0
27 111 0.0
27 112 8.0
27 113 0.0
27 114 8.0
27 115 6.0
27 116 2.0
27 117 0.0
27 118 1.0
27 119 7.0
27 120 4.0
27 121 4.0
27 122 1.0
27 123 6.0
27 124 5.0
28 29 2.0
28 30 3.0
28 31 5.0
28 32 3.0
28 33 0.0
28 34 9.0
28 35 3.0
28 36 6.0
28 37 6.0
28 38 8.0
28 39 9.0
28 40 0.0
28 41 6.0
28 42 7.0
28 43 8.0
28 44 0.0
28 45 6.0
28 46 2.0
28 47 2.0
28 48 9.0
28 49 2.0
28 50 0.0
28 51 7.0
28 52 7.0
28 53 1.0
28 54 2.0
28 55 8.0
28 56 8.0
28 57 9.0
28 58 1.0
28 59 4.0
28 60 6.0
28 61 0.0
28 62 4.0
28 63 5.0
28 64 4.0
28 65 9.0
28 66 9.0
28 67 2.0
28 68 8.0
28 69 8.0
28 70 2.0
28 71 8.0
28 72 3.0
28 73 3.0
28 74 4.0
28 75 3.0
28 76 7.0
28 77 9.0
28 78 2.0
28 79 0.0
28 80 0.0
28 81 1.0
28 82 1.0
28 83 7.0
28 84 4.0
28 85 0.0
28 86 8.0
28 87 2.0
28 88 4.0
28 89 4.0
28 90 4.0
28 91 0.0
28 92 6.0
28 93 8.0
28 94 0.0
28 95 1.0
28 96 4.0
28 97 7.0
28 98 1.0
28 99 6.0
28 100 1.0
28 101 8.0
28 102 0.0
28 103 4.0
28 104 5.0
28 105 3.0
28 106 3.0
28 107 1.0
28 108 9.0
28 109 6.0
28 110 2.0
28 111 3.0
28 112 7.0
28 113 2.0
28 114 9.0
28 115 1.0
28 116 0.0
28 117 9.0
28 118 0.0
28 119 6.0
28 120 0.0
28 121 3.0
28 122 0.0
28 123 8.0
28 124 8.0
29 30 2.0
29 31 3.0
29 32 6.0
29 33 5.0
29 34 0.0
29 35 0.0
29 36 9.0
29 37 2.0
29 38 3.0
29 39 3.0
29 40 0.0
29 41 9.0
29 42 3.0
29 43 5.0
29 44 8.0
29 45 5.0
29 46 4.0
29 47 7.0
29 48 5.0
29 49 0.0
29 50 6.0
29 51 6.0
29 52 1.0
29 53 6.0
29 54 3.0
29 55 3.0
29 56 2.0
29 57 2.0
29 58 6.0
29 59 7.0
29 60 8.0
29 61 1.0
29 62 4.0
29 63 0.0
29 64 9.0
29 65 8.0
29 66 8.0
29 67 0.0
29 68 9.0
29 69 2.0
29 70 8.0
29 71 5.0
29 72 6.0
29 73 6.0
29 74 8.0
29 75 0.0
29 76 8.0
29 77 9.0
29 78 3.0
29 79 0.0
29 80 9.0
29 81 4.0
29 82 7.0
29 83 3.0
29 84 0.0
29 85 4.0
29 86 9.0
29 87 7.0
29 88 4.0
29 89 8.0
29 90 4.0
29 91 7.0
29 92 2.0
29 93 9.0
29 94 0.0
29 95 2.0
29 96 1.0
29 97 9.0
29 98 0.0
29 99 1.0
29 100 7.0
29 101 4.0
29 102 4.0
29 103 8.0
29 104 5.0
29 105 9.0
29 106 4.0
29 107 5.0
29 108 1.0
29 109 4.0
29 110 2.0
29 111 9.0
29 112 6.0
29 113 7.0
29 114 1.0
29 115 7.0
29 116 0.0
29 117 1.0
29 118 7.0
29 119 3.0
29 120 3.0
29 121 8.0
29 122 1.0
29 123 2.0
29 124 2.0
30 31 9.0
30 32 8.0
30 33 3.0
30 34 5.0
30 35 2.0
30 36 0.0
30 37 5.0
30 38 7.0
30 39 2.0
30 40 5.0
30 41 5.0
30 42 0.0
30 43 8.0
30 44 7.0
30 45 8.0
30 46 9.0
30 47 0.0
30 48 0.0
30 49 6.0
30 50 1.0
30 51 9.0
30 52 1.0
30 53 4.0
30 54 3.0
30 55 4.0
30 56 7.0
30 57 7.0
30 58 9.0
30 59 5.0
30 60 5.0
30 61 5.0
30 62 4.0
30 63 1.0
30 64 9.0
30 65 8.0
30 66 6.0
30 67 3.0
30 68 3.0
30 69 2.0
30 70 4.0
30 71 7.0
30 72 7.0
30 73 5.0
30 74 0.0
30 75 8.0
30 76 9.0
30 77 9.0
30 78 2.0
30 79 7.0
30 80 5.0
30 81 2.0
30 82 4.0
30 83 2.0
30 84 3.0
30 85 3.0
30 86 0.0
30 87 7.0
30 88 4.0
30 89 8.0
30 90 8.0
30 91 3.0
30 92 3.0
30 93 0.0
30 94 1.0
30 95 2.0
30 96 9.0
30 97 0.0
30 98 2.0
30 99 0.0
30 100 8.0
30 101 3.0
30 102 6.0
30 103 4.0
30 104 0.0
30 105 9.0
30 106 2.0
30 107 5.0
30 108 7.0
30 109 4.0
30 110 5.0
30 111 2.0
30 112 3.0
30 113 0.0
30 114 7.0
30 115 8.0
30 116 5.0
30 117 7.0
30 118 1.0
30 119 7.0
30 120 0.0
30 121 9.0
30 122 1.0
30 123 4.0
30 124 1.0
31 32 9.0
31 33 7.0
31 34 6.0
31 35 1.0
31 36 6.0
31 37 4.0
31 38 3.0
31 39 5.0
31 40 1.0
31 41 4.0
31 42 4.0
31 43 8.0
31 44 6.0
31 45 5.0
31 46 7.0
31 47 0.0
31 48 9.0
31 49 5.0
31 50 3.0
31 51 5.0
31 52 3.0
31 53 1.0
31 54 0.0
31 55 0.0
31 56 5.0
31 57 7.0
31 58 0.0
31 59 4.0
31 60 1.0
31 61 6.0
31 62 4.0
31 63 3.0
31 64 9.0
31 65 7.0
31 66 1.0
31 67 4.0
31 68 0.0
31 69 8.0
31 70 3.0
31 71 8.0
31 72 4.0
31 73 4.0
31 74 2.0
31 75 5.0
31 76 8.0
31 77 8.0
31 78 3.0
31 79 2.0
31 80 3.0
31 81 0.0
31 82 4.0
31 83 8.0
31 84 2.0
31 85 5.0
31 86 9.0
31 87 3.0
31 88 7.0
31 89 9.0
31 90 6.0
31 91 5.0
31 92 1.0
31 93 2.0
31 94 2.0
31 95 9.0
31 96 4.0
31 97 7.0
31 98 4.0
31 99 0.0
31 100 2.0
31 101 1.0
31 102 6.0
31 103 1.0
31 104 0.0
31 105 6.0
31 106 1.0
31 107 0.0
31 108 7.0
31 109 2.0
31 110 7.0
31 111 5.0
31 112 3.0
31 113 7.0
31 114 6.0
31 115 3.0
31 116 1.0
31 117 5.0
31 118 9.0
31 119 0.0
31 120 3.0
31 121 3.0
31 122 8.0
31 123 1.0
31 124 1.0
32 33 1.0
32 34 2.0
32 35 5.0
32 36 7.0
32 37 8.0
32 38 9.0
32 39 3.0
32 40 9.0
32 41 1.0
32 42 1.0
32 43 3.0
32 44 9.0
32 45 6.0
32 46 6.0
32 47 2.0
32 48 0.0
32 49 0.0
32 50 6.0
32 51 6.0
32 52 7.0
32 53 0.0
32 54 6.0
32 55 0.0
32 56 5.0
32 57 9.0
32 58 0.0
32 59 7.0
32 60 3.0
32 61 9.0
32 62 3.0
32 63 9.0
32 64 6.0
32 65 4.0
32 66 2.0
32 67 1.0
32 68 6.0
32 69 0.0
32 70 9.0
32 71 8.0
32 72 2.0
32 73 1.0
32 74 9.0
32 75 7.0
32 76 3.0
32 77 6.0
32 78 1.0
32 79 3.0
32 80 4.0
32 81 7.0
32 82 5.0
32 83 4.0
32 84 4.0
32 85 3.0
32 86 2.0
32 87 9.0
32 88 6.0
32 89 8.0
32 90 6.0
32 91 2.0
32 92 0.0
32 93 7.0
32 94 9.0
32 95 5.0
32 96 8.0
32 97 5.0
32 98 4.0
32 99 0.0
32 100 7.0
32 101 2.0
32 102 4.0
32 103 6.0
32 104 0.0
32 105 4.0
32 106 1.0
32 107 7.0
32 108 5.0
32 109 2.0
32 110 1.0
32 111 9.0
32 112 0.0
32 113 4.0
32 114 8.0
32 115 7.0
32 116 7.0
32 117 6.0
32 118 4.0
32 119 9.0
32 120 3.0
32 121 5.0
32 122 8.0
32 123 8.0
32 124 2.0
33 34 7.0
33 35 2.0
33 36 0.0
33 37 8.0
33 38 9.0
33 39 4.0
33 40 0.0
33 41 6.0
33 42 7.0
33 43 8.0
33 44 3.0
33 45 0.0
33 46 3.0
33 47 3.0
33 48 7.0
33 49 9.0
33 50 2.0
33 51 9.0
33 52 5.0
33 53 7.0
33 54 3.0
33 55 5.0
33 56 1.0
33 57 5.0
33 58 2.0
33 59 0.0
33 60 5.0
33 61 1.0
33 62 3.0
33 63 2.0
33 64 4.0
33 65 1.0
33 66 3.0
33 67 8.0
33 68 7.0
33 69 1.0
33 70 9.0
33 71 2.0
33 72 5.0
33 73 3.0
33 74 7.0
33 75 4.0
33 76 2.0
33 77 8.0
33 78 7.0
33 79 2.0
33 80 2.0
33 81 0.0
33 82 6.0
33 83 1.0
33 84 0.0
33 85 9.0
33 86 5.0
33 87 5.0
33 88 4.0
33 89 0.0
33 90 3.0
33 91 5.0
33 92 7.0
33 93 0.0
33 94 2.0
33 95 5.0
33 96 8.0
33 97 8.0
33 98 3.0
33 99 2.0
33 100 0.0
33 101 9.0
33 102 8.0
33 103 6.0
33 104 2.0
33 105 5.0
33 106 8.0
33 107 6.0
33 108 0.0
33 109 5.0
33 110 7.0
33 111 6.0
33 112 6.0
33 113 8.0
33 114 6.0
33 115 0.0
33 116 7.0
33 117 9.0
33 118 4.0
33 119 8.0
33 120 3.0
33 121 8.0
33 122 4.0
33 123 8.0
33 124 3.0
34 35 0.0
34 36 5.0
34 37 7.0
34 38 6.0
34 39 7.0
34 40 7.0
34 41 7.0
34 42 1.0
34 43 5.0
34 44 1.0
34 45 1.0
34 46 3.0
34 47 5.0
34 48 8.0
34 49 1.0
34 50 1.0
34 51 4.0
34 52 8.0
34 53 5.0
34 54 5.0
34 55 9.0
34 56 4.0
34 57 7.0
34 58 0.0
34 59 8.0
34 60 3.0
34 61 6.0
34 62 9.0
34 63 7.0
34 64 5.0
34 65 7.0
34 66 0.0
34 67 1.0
34 68 2.0
34 69 4.0
34 70 5.0
34 71 4.0
34 72 5.0
34 73 5.0
34 74 5.0
34 75 4.0
34 76 5.0
34 77 1.0
34 78 8.0
34 79 1.0
34 80 9.0
34 81 3.0
34 82 1.0
34 83 9.0
34 84 7.0
34 85 9.0
34 86 4.0
34 87 0.0
34 88 6.0
34 89 3.0
34 90 7.0
34 91 2.0
34 92 0.0
34 93 3.0
34 94 6.0
34 95 2.0
34 96 6.0
34 97 2.0
34 98 7.0
34 99 7.0
34 100 0.0
34 101 9.0
34 102 0.0
34 103 8.0
34 104 2.0
34 105 0.0
34 106 7.0
34 107 1.0
34 108 9.0
34 109 8.0
34 110 3.0
34 111 2.0
34 112 3.0
34 113 7.0
34 114 1.0
34 115 7.0
34 116 3.0
34 117 1.0
34 118 8.0
34 119 3.0
34 120 1.0
34 121 7.0
34 122 7.0
34 123 4.0
34 124 6.0
35 36 9.0
35 37 6.0
35 38 9.0
35 39 8.0
35 40 8.0
35 41 9.0
35 42 8.0
35 43 3.0
35 44 7.0
35 45 0.0
35 46 1.0
35 47 3.0
35 48 0.0
35 49 7.0
35 50 0.0
35 51 2.0
35 52 3.0
35 53 0.0
35 54 5.0
35 55 2.0
35 56 4.0
35 57 8.0
35 58 7.0
35 59 1.0
35 60 1.0
35 61 3.0
35 62 0.0
35 63 8.0
35 64 2.0
35 65 5.0
35 66 4.0
35 67 1.0
35 68 0.0
35 69 0.0
35 70 8.0
35 71 9.0
35 72 1.0
35 73 2.0
35 74 8.0
35 75 0.0
35 76 0.0
35 77 6.0
35 78 1.0
35 79 2.0
35 80 8.0
35 81 6.0
35 82 1.0
35 83 9.0
35 84 2.0
35 85 5.0
35 86 5.0
35 87 4.0
35 88 2.0
35 89 6.0
35 90 5.0
35 91 2.0
35 92 2.0
35 93 7.0
35 94 7.0
35 95 7.0
35 96 3.0
35 97 3.0
35 98 5.0
35 99 5.0
35 100 5.0
35 101 6.0
35 102 2.0
35 103 0.0
35 104 4.0
35 105 8.0
35 106 1.0
35 107 0.0
35 108 9.0
35 109 9.0
35 110 1.0
35 111 8.0
35 112 7.0
35 113 1.0
35 114 8.0
35 115 2.0
35 116 8.0
35 117 0.0
35 118 2.0
35 119 3.0
35 120 6.0
35 121 6.0
35 122 4.0
35 123 3.0
35 124 6.0
36 37 9.0
36 38 8.0
36 39 5.0
36 40 2.0
36 41 5.0
36 42 0.0
36 43 5.0
36 44 4.0
36 45 0.0
36 46 9.0
36 47 1.0
36 48 2.0
36 49 4.0
36 50 1.0
36 51 8.0
36 52 4.0
36 53 1.0
36 54 3.0
36 55 7.0
36 56 5.0
36 57 6.0
36 58 8.0
36 59 8.0
36 60 4.0
36 61 3.0
36 62 4.0
36 63 8.0
36 64 3.0
36 65 8.0
36 66 9.0
36 67 3.0
36 68 3.0
36 69 1.0
36 70 8.0
36 71 8.0
36 72 6.0
36 73 0.0
36 74 7.0
36 75 6.0
36 76 1.0
36 77 9.0
36 78 9.0
36 79 0.0
36 80 7.0
36 81 5.0
36 82 4.0
36 83 9.0
36 84 4.0
36 85 9.0
36 86 9.0
36 87 9.0
36 88 4.0
36 89 7.0
36 90 5.0
36 91 3.0
36 92 2.0
36 93 0.0
36 94 0.0
36 95 6.0
36 96 8.0
36 97 2.0
36 98 4.0
36 99 2.0
36 100 0.0
36 101 8.0
36 102 8.0
36 103 8.0
36 104 6.0
36 105 1.0
36 106 2.0
36 107 3.0
36 108 0.0
36 109 8.0
36 110 5.0
36 111 9.0
36 112 0.0
36 113 9.0
36 114 4.0
36 115 4.0
36 116 1.0
36 117 7.0
36 118 7.0
36 119 7.0
36 120 5.0
36 121 7.0
36 122 7.0
36 123 2.0
36 124 4.0
37 38 3.0
37 39 4.0
37 40 7.0
37 41 8.0
37 42 4.0
37 43 2.0
37 44 9.0
37 45 1.0
37 46 7.0
37 47 4.0
37 48 8.0
37 49 4.0
37 50 6.0
37 51 9.0
37 52 1.0
37 53 3.0
37 54 1.0
37 55 5.0
37 56 9.0
37 57 8.0
37 58 3.0
37 59 1.0
37 60 4.0
37 61 4.0
37 62 3.0
37 63 2.0
37 64 1.0
37 65 2.0
37 66 3.0
37 67 7.0
37 68 3.0
37 69 7.0
37 70 6.0
37 71 2.0
37 72 0.0
37 73 3.0
37 74 8.0
37 75 4.0
37 76 1.0
37 77 5.0
37 78 9.0
37 79 0.0
37 80 8.0
37 81 9.0
37 82 2.0
37 83 6.0
37 84 3.0
37 85 7.0
37 86 8.0
37 87 3.0
37 88 8.0
37 89 0.0
37 90 8.0
37 91 8.0
37 92 6.0
37 93 0.0
37 94 9.0
37 95 2.0
37 96 6.0
37 97 6.0
37 98 9.0
37 99 7.0
37 100 3.0
37 101 3.0
37 102 8.0
37 103 0.0
37 104 9.0
37 105 2.0
37 106 8.0
37 107 1.0
37 108 1.0
37 109 9.0
37 110 9.0
37 111 2.0
37 112 5.0
37 113 9.0
37 114 4.0
37 115 7.0
37 116 2.0
37 117 6.0
37 118 2.0
37 119 0.0
37 120 9.0
37 121 7.0
37 122 2.0
37 123 5.0
37 124 3.0
38 39 1.0
38 40 4.0
38 41 7.0
38 42 4.0
38 43 6.0
38 44 1.0
38 45 1.0
38 46 5.0
38 47 4.0
38 48 7.0
38 49 6.0
38 50 4.0
38 51 1.0
38 52 2.0
38 53 1.0
38 54 7.0
38 55 2.0
38 56 2.0
38 57 4.0
38 58 1.0
38 59 3.0
38 60 0.0
38 61 7.0
38 62 8.0
38 63 4.0
38 64 2.0
38 65 2.0
38 66 7.0
38 67 4.0
38 68 1.0
38 69 2.0
38 70 0.0
38 71 9.0
38 72 3.0
38 73 0.0
38 74 3.0
38 75 2.0
38 76 2.0
38 77 7.0
38 78 6.0
38 79 0.0
38 80 1.0
38 81 5.0
38 82 4.0
38 83 8.0
38 84 4.0
38 85 2.0
38 86 8.0
38 87 3.0
38 88 3.0
38 89 5.0
38 90 4.0
38 91 3.0
38 92 1.0
38 93 8.0
38 94 9.0
38 95 7.0
38 96 8.0
38 97 5.0
38 98 6.0
38 99 4.0
38 100 0.0
38 101 2.0
38 102 0.0
38 103 1.0
38 104 8.0
38 105 5.0
38 106 1.0
38 107 1.0
38 108 5.0
38 109 6.0
38 110 6.0
38 111 9.0
38 112 5.0
38 113 0.0
38 114 9.0
38 115 2.0
38 116 2.0
38 117 2.0
38 118 4.0
38 119 6.0
38 120 9.0
38 121 7.0
38 122 2.0
38 123 5.0
38 124 5.0
39 40 0.0
39 41 4.0
39 42 3.0
39 43 0.0
39 44 6.0
39 45 7.0
39 46 3.0
39 47 4.0
39 48 0.0
39 49 7.0
39 50 3.0
39 51 2.0
39 52 8.0
39 53 2.0
39 54 4.0
39 55 5.0
39 56 1.0
39 57 5.0
39 58 1.0
39 59 6.0
39 60 5.0
39 61 8.0
39 62 0.0
39 63 5.0
39 64 8.0
39 65 0.0
39 66 4.0
39 67 1.0
39 68 6.0
39 69 1.0
39 70 4.0
39 71 8.0
39 72 2.0
39 73 8.0
39 74 4.0
39 75 7.0
39 76 9.0
39 77 5.0
39 78 6.0
39 79 3.0
39 80 6.0
39 81 8.0
39 82 2.0
39 83 5.0
39 84 4.0
39 85 8.0
39 86 6.0
39 87 0.0
39 88 5.0
39 89 8.0
39 90 6.0
39 91 2.0
39 92 4.0
39 93 5.0
39 94 4.0
39 95 5.0
39 96 2.0
39 97 5.0
39 98 7.0
39 99 9.0
39 100 1.0
39 101 5.0
39 102 4.0
39 103 4.0
39 104 7.0
39 105 0.0
39 106 9.0
39 107 9.0
39 108 2.0
39 109 2.0
39 110 0.0
39 111 9.0
39 112 1.0
39 113 1.0
39 114 7.0
39 115 5.0
39 116 3.0
39 117 7.0
39 118 4.0
39 119 8.0
39 120 2.0
39 121 4.0
39 122 5.0
39 123 5.0
39 124 3.0
40 41 2.0
40 42 9.0
40 43 1.0
40 44 8.0
40 45 6.0
40 46 1.0
40 47 8.0
40 48 0.0
40 49 9.0
40 50 8.0
40 51 7.0
40 52 9.0
40 53 4.0
40 54 2.0
40 55 2.0
40 56 9.0
40 57 8.0
40 58 5.0
40 59 7.0
40 60 4.0
40 61 9.0
40 62 7.0
40 63 7.0
40 64 7.0
40 65 3.0
40 66 7.0
40 67 3.0
40 68 1.0
40 69 2.0
40 70 0.0
40 71 4.0
40 72 8.0
40 73 7.0
40 74 6.0
40 75 6.0
40 76 1.0
40 77 6.0
40 78 4.0
40 79 1.0
40 80 4.0
40 81 7.0
40 82 6.0
40 83 5.0
40 84 3.0
40 85 5.0
40 86 1.0
40 87 1.0
40 88 0.0
40 89 7.0
40 90 4.0
40 91 2.0
40 92 2.0
40 93 8.0
40 94 7.0
40 95 1.0
40 96 9.0
40 97 5.0
40 98 8.0
40 99 3.0
40 100 0.0
40 101 5.0
40 102 5.0
40 103 7.0
40 104 6.0
40 105 6.0
40 106 2.0
40 107 8.0
40 108 8.0
40 109 2.0
40 110 4.0
40 111 1.0
40 112 5.0
40 113 2.0
40 114 2.0
40 115 5.0
40 116 6.0
40 117 6.0
40 118 5.0
40 119 5.0
40 120 3.0
40 121 3.0
40 122 5.0
40 123 6.0
40 124 6.0
41 42 7.0
41 43 1.0
41 44 6.0
41 45 5.0
41 46 7.0
41 47 7.0
41 48 8.0
41 49 6.0
41 50 3.0
41 51 5.0
41 52 2.0
41 53 0.0
41 54 3.0
41 55 4.0
41 56 5.0
41 57 0.0
41 58 5.0
41 59 4.0
41 60 2.0
41 61 3.0
41 62 8.0
41 63 3.0
41 64 6.0
41 65 7.0
41 66 8.0
41 67 7.0
41 68 2.0
41 69 4.0
41 70 0.0
41 71 8.0
41 72 2.0
41 73 6.0
41 74 8.0
41 75 6.0
41 76 1.0
41 77 7.0
41 78 2.0
41 79 9.0
41 80 1.0
41 81 4.0
41 82 2.0
41 83 8.0
41 84 4.0
41 85 8.0
41 86 1.0
41 87 3.0
41 88 0.0
41 89 6.0
41 90 7.0
41 91 4.0
41 92 4.0
41 93 8.0
41 94 7.0
41 95 7.0
41 96 4.0
41 97 8.0
41 98 3.0
41 99 5.0
41 100 0.0
41 101 2.0
41 102 6.0
41 103 7.0
41 104 5.0
41 105 2.0
41 106 3.0
41 107 6.0
41 108 6.0
41 109 7.0
41 110 4.0
41 111 3.0
41 112 2.0
41 113 8.0
41 114 7.0
41 115 1.0
41 116 8.0
41 117 7.0
41 118 8.0
41 119 3.0
41 120 0.0
41 121 4.0
41 122 1.0
41 123 6.0
41 124 3.0
42 43 4.0
42 44 0.0
42 45 3.0
42 46 1.0
42 47 4.0
42 48 5.0
42 49 6.0
42 50 5.0
42 51 4.0
42 52 4.0
42 53 8.0
42 54 1.0
42 55 7.0
42 56 9.0
42 57 1.0
42 58 9.0
42 59 2.0
42 60 4.0
42 61 9.0
42 62 0.0
42 63 4.0
42 64 5.0
42 65 4.0
42 66 4.0
42 67 4.0
42 68 3.0
42 69 5.0
42 70 6.0
42 71 2.0
42 72 1.0
42 73 4.0
42 74 3.0
42 75 6.0
42 76 7.0
42 77 9.0
42 78 4.0
42 79 6.0
42 80 1.0
42 81 2.0
42 82 0.0
42 83 9.0
42 84 5.0
42 85 8.0
42 86 6.0
42 87 2.0
42 88 7.0
42 89 1.0
42 90 6.0
42 91 2.0
42 92 4.0
42 93 6.0
42 94 8.0
42 95 0.0
42 96 1.0
42 97 9.0
42 98 0.0
42 99 6.0
42 100 4.0
42 101 2.0
42 102 2.0
42 103 1.0
42 104 8.0
42 105 2.0
42 106 9.0
42 107 3.0
42 108 5.0
42 109 4.0
42 110 4.0
42 111 4.0
42 112 6.0
42 113 1.0
42 114 8.0
42 115 0.0
42 116 9.0
42 117 9.0
42 118 5.0
42 119 4.0
42 120 2.0
42 121 0.0
42 122 8.0
42 123 1.0
42 124 7.0
43 44 4.0
43 45 6.0
43 46 2.0
43 47 9.0
43 48 0.0
43 49 1.0
43 50 3.0
43 51 3.0
43 52 7.0
43 53 6.0
43 54 2.0
43 55 2.0
43 56 7.0
43 57 1.0
43 58 9.0
43 59 5.0
43 60 3.0
43 61 0.0
43 62 1.0
43 63 1.0
43 64 5.0
43 65 9.0
43 66 0.0
43 67 1.0
43 68 6.0
43 69 3.0
43 70 4.0
43 71 3.0
43 72 7.0
43 73 1.0
43 74 4.0
43 75 8.0
43 76 5.0
43 77 0.0
43 78 6.0
43 79 6.0
43 80 8.0
43 81 1.0
43 82 3.0
43 83 7.0
43 84 7.0
43 85 9.0
43 86 4.0
43 87 8.0
43 88 9.0
43 89 8.0
43 90 4.0
43 91 7.0
43 92 8.0
43 93 6.0
43 94 2.0
43 95 7.0
43 96 7.0
43 97 3.0
43 98 6.0
43 99 9.0
43 100 0.0
43 101 3.0
43 102 2.0
43 103 1.0
43 104 6.0
43 105 9.0
43 106 3.0
43 107 1.0
43 108 0.0
43 109 1.0
43 110 0.0
43 111 2.0
43 112 5.0
43 113 9.0
43 114 0.0
43 115 6.0
43 116 4.0
43 117 0.0
43 118 4.0
43 119 4.0
43 120 4.0
43 121 8.0
43 122 8.0
43 123 2.0
43 124 4.0
44 45 0.0
44 46 8.0
44 47 6.0
44 48 3.0
44 49 9.0
44 50 5.0
44 51 3.0
44 52 6.0
44 53 9.0
44 54 1.0
44 55 9.0
44 56 5.0
44 57 8.0
44 58 9.0
44 59 8.0
44 60 2.0
44 61 4.0
44 62 5.0
44 63 7.0
44 64 2.0
44 65 5.0
44 66 5.0
44 67 1.0
44 68 3.0
44 69 7.0
44 70 2.0
44 71 7.0
44 72 8.0
44 73 3.0
44 74 9.0
44 75 7.0
44 76 4.0
44 77 1.0
44 78 1.0
44 79 0.0
44 80 9.0
44 81 4.0
44 82 6.0
44 83 2.0
44 84 1.0
44 85 9.0
44 86 2.0
44 87 5.0
44 88 4.0
44 89 8.0
44 90 0.0
44 91 1.0
44 92 9.0
44 93 3.0
44 94 6.0
44 95 0.0
44 96 1.0
44 97 1.0
44 98 2.0
44 99 5.0
44 100 1.0
44 101 0.0
44 102 1.0
44 103 9.0
44 104 5.0
44 105 4.0
44 106 0.0
44 107 4.0
44 108 1.0
44 109 0.0
44 110 1.0
44 111 2.0
44 112 7.0
44 113 8.0
44 114 9.0
44 115 2.0
44 116 7.0
44 117 6.0
44 118 3.0
44 119 1.0
44 120 2.0
44 121 9.0
44 122 8.0
44 123 2.0
44 124 1.0
45 46 7.0
45 47 1.0
45 48 5.0
45 49 0.0
45 50 8.0
45 51 1.0
45 52 2.0
45 53 5.0
45 54 3.0
45 55 8.0
45 56 9.0
45 57 6.0
45 58 3.0
45 59 5.0
45 60 7.0
45 61 6.0
45 62 1.0
45 63 9.0
45 64 7.0
45 65 1.0
45 66 7.0
45 67 6.0
45 68 0.0
45 69 3.0
45 70 9.0
45 71 7.0
45 72 6.0
45 73 9.0
45 74 6.0
45 75 3.0
45 76 7.0
45 77 8.0
45 78 3.0
45 79 9.0
45 80 0.0
45 81 2.0
45 82 1.0
45 83 1.0
45 84 5.0
45 85 0.0
45 86 2.0
45 87 5.0
45 88 6.0
45 89 5.0
45 90 7.0
45 91 5.0
45 92 9.0
45 93 2.0
45 94 5.0
45 95 0.0
45 96 4.0
45 97 0.0
45 98 7.0
45 99 4.0
45 100 4.0
45 101 0.0
45 102 0.0
45 103 0.0
45 104 4.0
45 105 6.0
45 106 5.0
45 107 5.0
45 108 6.0
45 109 7.0
45 110 7.0
45 111 0.0
45 112 0.0
45 113 5.0
45 114 8.0
45 115 4.0
45 116 1.0
45 117 0.0
45 118 5.0
45 119 3.0
45 120 9.0
45 121 2.0
45 122 7.0
45 123 6.0
45 124 1.0
46 47 2.0
46 48 6.0
46 49 5.0
46 50 7.0
46 51 4.0
46 52 5.0
46 53 1.0
46 54 4.0
46 55 7.0
46 56 5.0
46 57 9.0
46 58 0.0
46 59 2.0
46 60 8.0
46 61 7.0
46 62 9.0
46 63 9.0
46 64 7.0
46 65 3.0
46 66 4.0
46 67 1.0
46 68 9.0
46 69 0.0
46 70 0.0
46 71 6.0
46 72 7.0
46 73 9.0
46 74 5.0
46 75 1.0
46 76 3.0
46 77 2.0
46 78 7.0
46 79 2.0
46 80 0.0
46 81 9.0
46 82 9.0
46 83 3.0
46 84 0.0
46 85 6.0
46 86 6.0
46 87 9.0
46 88 1.0
46 89 1.0
46 90 6.0
46 91 7.0
46 92 6.0
46 93 4.0
46 94 8.0
46 95 4.0
46 96 6.0
46 97 3.0
46 98 5.0
46 99 4.0
46 100 3.0
46 101 8.0
46 102 6.0
46 103 5.0
46 104 7.0
46 105 9.0
46 106 9.0
46 107 2.0
46 108 7.0
46 109 4.0
46 110 7.0
46 111 1.0
46 112 1.0
46 113 8.0
46 114 0.0
46 115 1.0
46 116 0.0
46 117 7.0
46 118 6.0
46 119 7.0
46 120 9.0
46 121 8.0
46 122 3.0
46 123 7.0
46 124 1.0
47 48 8.0
47 49 4.0
47 50 0.0
47 51 1.0
47 52 2.0
47 53 0.0
47 54 6.0
47 55 0.0
47 56 6.0
47 57 9.0
47 58 8.0
47 59 7.0
47 60 0.0
47 61 8.0
47 62 7.0
47 63 7.0
47 64 5.0
47 65 9.0
47 66 4.0
47 67 5.0
47 68 7.0
47 69 7.0
47 70 4.0
47 71 1.0
47 72 2.0
47 73 8.0
47 74 3.0
47 75 2.0
47 76 4.0
47 77 5.0
47 78 7.0
47 79 7.0
47 80 3.0
47 81 2.0
47 82 7.0
47 83 6.0
47 84 7.0
47 85 1.0
47 86 7.0
47 87 9.0
47 88 6.0
47 89 7.0
47 90 0.0
47 91 3.0
47 92 1.0
47 93 5.0
47 94 8.0
47 95 4.0
47 96 2.0
47 97 6.0
47 98 1.0
47 99 4.0
47 100 7.0
47 101 6.0
47 102 0.0
47 103 8.0
47 104 3.0
47 105 2.0
47 106 0.0
47 107 6.0
47 108 3.0
47 109 9.0
47 110 5.0
47 111 4.0
47 112 1.0
47 113 4.0
47 114 0.0
47 115 0.0
47 116 7.0
47 117 4.0
47 118 1.0
47 119 8.0
47 120 7.0
47 121 1.0
47 122 3.0
47 123 2.0
47 124 2.0
48 49 5.0
48 50 6.0
48 51 0.0
48 52 8.0
48 53 8.0
48 54 1.0
48 55 2.0
48 56 8.0
48 57 8.0
48 58 4.0
48 59 1.0
48 60 0.0
48 61 2.0
48 62 1.0
48 63 9.0
48 64 1.0
48 65 6.0
48 66 5.0
48 67 2.0
48 68 2.0
48 69 3.0
48 70 8.0
48 71 0.0
48 72 9.0
48 73 8.0
48 74 1.0
48 75 9.0
48 76 5.0
48 77 6.0
48 78 6.0
48 79 9.0
48 80 0.0
48 81 4.0
48 82 3.0
48 83 2.0
48 84 6.0
48 85 6.0
48 86 6.0
48 87 7.0
48 88 5.0
48 89 0.0
48 90 8.0
48 91 6.0
48 92 0.0
48 93 5.0
48 94 4.0
48 95 2.0
48 96 2.0
48 97 1.0
48 98 9.0
48 99 9.0
48 100 1.0
48 101 3.0
48 102 7.0
48 103 4.0
48 104 0.0
48 105 9.0
48 106 7.0
48 107 3.0
48 108 2.0
48 109 0.0
48 110 1.0
48 111 5.0
48 112 0.0
48 113 7.0
48 114 9.0
48 115 5.0
48 116 1.0
48 117 8.0
48 118 0.0
48 119 3.0
48 120 1.0
48 121 7.0
48 122 8.0
48 123 7.0
48 124 8.0
49 50 3.0
49 51 5.0
49 52 0.0
49 53 3.0
49 54 4.0
49 55 7.0
49 56 1.0
49 57 2.0
49 58 7.0
49 59 3.0
49 60 6.0
49 61 6.0
49 62 1.0
49 63 5.0
49 64 0.0
49 65 0.0
49 66 0.0
49 67 0.0
49 68 8.0
49 69 0.0
49 70 6.0
49 71 3.0
49 72 4.0
49 73 2.0
49 74 1.0
49 75 3.0
49 76 5.0
49 77 0.0
49 78 8.0
49 79 8.0
49 80 6.0
49 81 4.0
49 82 1.0
49 83 3.0
49 84 5.0
49 85 6.0
49 86 7.0
49 87 1.0
49 88 5.0
49 89 0.0
49 90 7.0
49 91 9.0
49 92 9.0
49 93 9.0
49 94 9.0
49 95 9.0
49 96 7.0
49 97 0.0
49 98 9.0
49 99 5.0
49 100 2.0
49 101 7.0
49 102 8.0
49 103 3.0
49 104 8.0
49 105 6.0
49 106 9.0
49 107 1.0
49 108 5.0
49 109 9.0
49 110 8.0
49 111 0.0
49 112 5.0
49 113 0.0
49 114 7.0
49 115 4.0
49 116 6.0
49 117 9.0
49 118 4.0
49 119 8.0
49 120 4.0
49 121 9.0
49 122 2.0
49 123 3.0
49 124 2.0
50 51 8.0
50 52 1.0
50 53 7.0
50 54 5.0
50 55 4.0
50 56 7.0
50 57 0.0
50 58 2.0
50 59 0.0
50 60 7.0
50 61 3.0
50 62 6.0
50 63 4.0
50 64 0.0
50 65 1.0
50 66 4.0
50 67 5.0
50 68 0.0
50 69 9.0
50 70 0.0
50 71 8.0
50 72 4.0
50 73 1.0
50 74 8.0
50 75 7.0
50 76 3.0
50 77 0.0
50 78 7.0
50 79 5.0
50 80 4.0
50 81 4.0
50 82 1.0
50 83 2.0
50 84 8.0
50 85 0.0
50 86 0.0
50 87 4.0
50 88 1.0
50 89 8.0
50 90 9.0
50 91 9.0
50 92 0.0
50 93 7.0
50 94 0.0
50 95 1.0
50 96 6.0
50 97 7.0
50 98 9.0
50 99 2.0
50 100 3.0
50 101 3.0
50 102 1.0
50 103 8.0
50 104 0.0
50 105 7.0
50 106 7.0
50 107 5.0
50 108 9.0
50 109 3.0
50 110 7.0
50 111 8.0
50 112 9.0
50 113 7.0
50 114 1.0
50 115 2.0
50 116 1.0
50 117 6.0
50 118 0.0
50 119 1.0
50 120 7.0
50 121 7.0
50 122 9.0
50 123 3.0
50 124 0.0
51 52 1.0
51 53 6.0
51 54 6.0
51 55 5.0
51 56 0.0
51 57 4.0
51 58 7.0
51 59 0.0
51 60 4.0
51 61 4.0
51 62 5.0
51 63 0.0
51 64 8.0
51 65 7.0
51 66 3.0
51 67 9.0
51 68 2.0
51 69 1.0
51 70 8.0
51 71 5.0
51 72 8.0
51 73 7.0
51 74 5.0
51 75 1.0
51 76 5.0
51 77 3.0
51 78 9.0
51 79 3.0
51 80 6.0
51 81 7.0
51 82 9.0
51 83 2.0
51 84 9.0
51 85 1.0
51 86 2.0
51 87 5.0
51 88 7.0
51 89 7.0
51 90 5.0
51 91 7.0
51 92 8.0
51 93 9.0
51 94 9.0
51 95 9.0
51 96 5.0
51 97 7.0
51 98 6.0
51 99 2.0
51 100 2.0
51 101 5.0
51 102 6.0
51 103 4.0
51 104 2.0
51 105 1.0
51 106 1.0
51 107 8.0
51 108 5.0
51 109 6.0
51 110 2.0
51 111 7.0
51 112 6.0
51 113 1.0
51 114 1.0
51 115 8.0
51 116 9.0
51 117 6.0
51 118 9.0
51 119 4.0
51 120 3.0
51 121 7.0
51 122 8.0
51 123 3.0
51 124 9.0
52 53 2.0
52 54 3.0
52 55 3.0
52 56 8.0
52 57 0.0
52 58 1.0
52 59 9.0
52 60 9.0
52 61 0.0
52 62 3.0
52 63 6.0
52 64 8.0
52 65 5.0
52 66 3.0
52 67 0.0
52 68 4.0
52 69 5.0
52 70 1.0
52 71 9.0
52 72 3.0
52 73 1.0
52 74 8.0
52 75 0.0
52 76 8.0
52 77 1.0
52 78 1.0
52 79 4.0
52 80 9.0
52 81 3.0
52 82 3.0
52 83 8.0
52 84 3.0
52 85 2.0
52 86 7.0
52 87 5.0
52 88 3.0
52 89 0.0
52 90 7.0
52 91 1.0
52 92 2.0
52 93 6.0
52 94 3.0
52 95 3.0
52 96 7.0
52 97 4.0
52 98 8.0
52 99 0.0
52 100 5.0
52 101 9.0
52 102 8.0
52 103 2.0
52 104 4.0
52 105 1.0
52 106 9.0
52 107 1.0
52 108 2.0
52 109 0.0
52 110 1.0
52 111 5.0
52 112 1.0
52 113 3.0
52 114 7.0
52 115 5.0
52 116 1.0
52 117 3.0
52 118 7.0
52 119 8.0
52 120 1.0
52 121 1.0
52 122 2.0
52 123 8.0
52 124 5.0
53 54 1.0
53 55 4.0
53 56 5.0
53 57 4.0
53 58 9.0
53 59 2.0
53 60 1.0
53 61 2.0
53 62 7.0
53 63 1.0
53 64 0.0
53 65 7.0
53 66 5.0
53 67 9.0
53 68 2.0
53 69 7.0
53 70 3.0
53 71 1.0
53 72 1.0
53 73 6.0
53 74 2.0
53 75 7.0
53 76 0.0
53 77 5.0
53 78 3.0
53 79 4.0
53 80 8.0
53 81 7.0
53 82 4.0
53 83 2.0
53 84 3.0
53 85 6.0
53 86 8.0
53 87 4.0
53 88 6.0
53 89 8.0
53 90 2.0
53 91 1.0
53 92 6.0
53 93 5.0
53 94 8.0
53 95 9.0
53 96 2.0
53 97 0.0
53 98 1.0
53 99 1.0
53 100 6.0
53 101 5.0
53 102 9.0
53 103 8.0
53 104 2.0
53 105 1.0
53 106 5.0
53 107 7.0
53 108 8.0
53 109 3.0
53 110 9.0
53 111 2.0
53 112 9.0
53 113 9.0
53 114 4.0
53 115 1.0
53 116 1.0
53 117 1.0
53 118 1.0
53 119 7.0
53 120 3.0
53 121 0.0
53 122 3.0
53 123 0.0
53 124 6.0
54 55 0.0
54 56 9.0
54 57 0.0
54 58 9.0
54 59 4.0
54 60 7.0
54 61 5.0
54 62 2.0
54 63 6.0
54 64 5.0
54 65 8.0
54 66 2.0
54 67 9.0
54 68 8.0
54 69 2.0
54 70 7.0
54 71 7.0
54 72 4.0
54 73 5.0
54 74 8.0
54 75 6.0
54 76 1.0
54 77 8.0
54 78 3.0
54 79 7.0
54 80 5.0
54 81 8.0
54 82 0.0
54 83 6.0
54 84 3.0
54 85 9.0
54 86 3.0
54 87 3.0
54 88 1.0
54 89 2.0
54 90 9.0
54 91 6.0
54 92 9.0
54 93 5.0
54 94 8.0
54 95 1.0
54 96 9.0
54 97 3.0
54 98 2.0
54 99 3.0
54 100 7.0
54 101 5.0
54 102 4.0
54 103 3.0
54 104 4.0
54 105 7.0
54 106 6.0
54 107 5.0
54 108 2.0
54 109 9.0
54 110 7.0
54 111 6.0
54 112 8.0
54 113 1.0
54 114 2.0
54 115 9.0
54 116 7.0
54 117 6.0
54 118 3.0
54 119 1.0
54 120 6.0
54 121 6.0
54 122 3.0
54 123 2.0
54 124 9.0
55 56 6.0
55 57 8.0
55 58 4.0
55 59 5.0
55 60 1.0
55 61 6.0
55 62 5.0
55 63 5.0
55 64 6.0
55 65 9.0
55 66 0.0
55 67 9.0
55 68 0.0
55 69 5.0
55 70 7.0
55 71 8.0
55 72 7.0
55 73 2.0
55 74 0.0
55 75 6.0
55 76 5.0
55 77 7.0
55 78 6.0
55 79 7.0
55 80 1.0
55 81 7.0
55 82 0.0
55 83 6.0
55 84 0.0
55 85 9.0
55 86 1.0
55 87 8.0
55 88 7.0
55 89 7.0
55 90 3.0
55 91 6.0
55 92 6.0
55 93 9.0
55 94 4.0
55 95 1.0
55 96 6.0
55 97 5.0
55 98 0.0
55 99 3.0
55 100 5.0
55 101 3.0
55 102 3.0
55 103 1.0
55 104 6.0
55 105 0.0
55 106 7.0
55 107 3.0
55 108 4.0
55 109 4.0
55 110 7.0
55 111 4.0
55 112 2.0
55 113 0.0
55 114 2.0
55 115 4.0
55 116 8.0
55 117 5.0
55 118 6.0
55 119 6.0
55 120 1.0
55 121 2.0
55 122 6.0
55 123 8.0
55 124 5.0
56 57 1.0
56 58 6.0
56 59 1.0
56 60 0.0
56 61 1.0
56 62 1.0
56 63 3.0
56 64 7.0
56 65 8.0
56 66 2.0
56 67 7.0
56 68 5.0
56 69 8.0
56 70 1.0
56 71 7.0
56 72 8.0
56 73 9.0
56 74 1.0
56 75 7.0
56 76 3.0
56 77 9.0
56 78 5.0
56 79 7.0
56 80 9.0
56 81 3.0
56 82 4.0
56 83 6.0
56 84 5.0
56 85 2.0
56 86 7.0
56 87 1.0
56 88 5.0
56 89 1.0
56 90 5.0
56 91 4.0
56 92 4.0
56 93 0.0
56 94 5.0
56 95 6.0
56 96 4.0
56 97 5.0
56 98 8.0
56 99 1.0
56 100 1.0
56 101 5.0
56 102 9.0
56 103 9.0
56 104 4.0
56 105 3.0
56 106 2.0
56 107 2.0
56 108 8.0
56 109 0.0
56 110 9.0
56 111 7.0
56 112 7.0
56 113 0.0
56 114 8.0
56 115 9.0
56 116 5.0
56 117 7.0
56 118 3.0
56 119 5.0
56 120 0.0
56 121 7.0
56 122 5.0
56 123 3.0
56 124 9.0
57 58 3.0
57 59 8.0
57 60 6.0
57 61 4.0
57 62 8.0
57 63 6.0
57 64 0.0
57 65 2.0
57 66 6.0
57 67 5.0
57 68 8.0
57 69 8.0
57 70 9.0
57 71 2.0
57 72 6.0
57 73 7.0
57 74 8.0
57 75 0.0
57 76 0.0
57 77 2.0
57 78 8.0
57 79 7.0
57 80 3.0
57 81 8.0
57 82 6.0
57 83 2.0
57 84 6.0
57 85 0.0
57 86 7.0
57 87 6.0
57 88 8.0
57 89 4.0
57 90 9.0
57 91 1.0
57 92 1.0
57 93 9.0
57 94 4.0
57 95 5.0
57 96 3.0
57 97 1.0
57 98 0.0
57 99 3.0
57 100 7.0
57 101 2.0
57 102 3.0
57 103 8.0
57 104 7.0
57 105 6.0
57 106 9.0
57 107 3.0
57 108 8.0
57 109 0.0
57 110 8.0
57 111 3.0
57 112 0.0
57 113 1.0
57 114 0.0
57 115 8.0
57 116 2.0
57 117 1.0
57 118 3.0
57 119 9.0
57 120 3.0
57 121 1.0
57 122 3.0
57 123 6.0
57 124 4.0
58 59 9.0
58 60 3.0
58 61 6.0
58 62 4.0
58 63 9.0
58 64 9.0
58 65 5.0
58 66 7.0
58 67 0.0
58 68 3.0
58 69 9.0
58 70 3.0
58 71 1.0
58 72 5.0
58 73 4.0
58 74 8.0
58 75 7.0
58 76 8.0
58 77 1.0
58 78 9.0
58 79 8.0
58 80 2.0
58 81 9.0
58 82 9.0
58 83 9.0
58 84 2.0
58 85 4.0
58 86 3.0
58 87 9.0
58 88 4.0
58 89 3.0
58 90 0.0
58 91 3.0
58 92 0.0
58 93 0.0
58 94 1.0
58 95 9.0
58 96 1.0
58 97 9.0
58 98 6.0
58 99 9.0
58 100 9.0
58 101 7.0
58 102 8.0
58 103 0.0
58 104 9.0
58 105 1.0
58 106 5.0
58 107 4.0
58 108 3.0
58 109 6.0
58 110 1.0
58 111 3.0
58 112 4.0
58 113 3.0
58 114 4.0
58 115 3.0
58 116 3.0
58 117 8.0
58 118 3.0
58 119 1.0
58 120 1.0
58 121 4.0
58 122 5.0
58 123 8.0
58 124 1.0
59 60 1.0
59 61 1.0
59 62 3.0
59 63 7.0
59 64 5.0
59 65 6.0
59 66 3.0
59 67 9.0
59 68 8.0
59 69 4.0
59 70 0.0
59 71 3.0
59 72 8.0
59 73 9.0
59 74 2.0
59 75 5.0
59 76 1.0
59 77 2.0
59 78 3.0
59 79 0.0
59 80 1.0
59 81 4.0
59 82 5.0
59 83 6.0
59 84 0.0
59 85 1.0
59 86 8.0
59 87 0.0
59 88 5.0
59 89 9.0
59 90 9.0
59 91 0.0
59 92 6.0
59 93 3.0
59 94 0.0
59 95 5.0
59 96 3.0
59 97 4.0
59 98 6.0
59 99 3.0
59 100 0.0
59 101 1.0
59 102 3.0
59 103 7.0
59 104 1.0
59 105 6.0
59 106 7.0
59 107 4.0
59 108 7.0
59 109 3.0
59 110 6.0
59 111 3.0
59 112 3.0
59 113 0.0
59 114 8.0
59 115 3.0
59 116 2.0
59 117 3.0
59 118 4.0
59 119 2.0
59 120 7.0
59 121 6.0
59 122 0.0
59 123 7.0
59 124 6.0
60 61 1.0
60 62 9.0
60 63 9.0
60 64 2.0
60 65 4.0
60 66 3.0
60 67 3.0
60 68 8.0
60 69 4.0
60 70 3.0
60 71 2.0
60 72 3.0
60 73 1.0
60 74 9.0
60 75 6.0
60 76 8.0
60 77 1.0
60 78 6.0
60 79 8.0
60 80 7.0
60 81 3.0
60 82 6.0
60 83 3.0
60 84 7.0
60 85 2.0
60 86 1.0
60 87 1.0
60 88 2.0
60 89 9.0
60 90 1.0
60 91 8.0
60 92 6.0
60 93 5.0
60 94 6.0
60 95 0.0
60 96 6.0
60 97 8.0
60 98 2.0
60 99 3.0
60 100 3.0
60 101 8.0
60 102 1.0
60 103 5.0
60 104 4.0
60 105 3.0
60 106 2.0
60 107 7.0
60 108 1.0
60 109 6.0
60 110 9.0
60 111 2.0
60 112 9.0
60 113 2.0
60 114 1.0
60 115 1.0
60 116 4.0
60 117 5.0
60 118 4.0
60 119 6.0
60 120 6.0
60 121 5.0
60 122 4.0
60 123 3.0
60 124 3.0
61 62 4.0
61 63 0.0
61 64 6.0
61 65 5.0
61 66 8.0
61 67 9.0
61 68 7.0
61 69 9.0
61 70 7.0
61 71 6.0
61 72 5.0
61 73 6.0
61 74 8.0
61 75 2.0
61 76 1.0
61 77 8.0
61 78 2.0
61 79 1.0
61 80 0.0
61 81 9.0
61 82 3.0
61 83 8.0
61 84 5.0
61 85 6.0
61 86 3.0
61 87 3.0
61 88 9.0
61 89 1.0
61 90 0.0
61 91 4.0
61 92 0.0
61 93 5.0
61 94 5.0
61 95 8.0
61 96 4.0
61 97 6.0
61 98 7.0
61 99 0.0
61 100 4.0
61 101 0.0
61 102 3.0
61 103 4.0
61 104 1.0
61 105 3.0
61 106 2.0
61 107 6.0
61 108 2.0
61 109 9.0
61 110 8.0
61 111 0.0
61 112 5.0
61 113 9.0
61 114 4.0
61 115 2.0
61 116 8.0
61 117 4.0
61 118 6.0
61 119 8.0
61 120 7.0
61 121 9.0
61 122 4.0
61 123 8.0
61 124 5.0
62 63 5.0
62 64 7.0
62 65 0.0
62 66 3.0
62 67 1.0
62 68 8.0
62 69 4.0
62 70 5.0
62 71 6.0
62 72 8.0
62 73 6.0
62 74 9.0
62 75 3.0
62 76 5.0
62 77 9.0
62 78 6.0
62 79 0.0
62 80 9.0
62 81 0.0
62 82 4.0
62 83 4.0
62 84 4.0
62 85 4.0
62 86 5.0
62 87 1.0
62 88 8.0
62 89 5.0
62 90 1.0
62 91 8.0
62 92 8.0
62 93 7.0
62 94 8.0
62 95 5.0
62 96 8.0
62 97 7.0
62 98 0.0
62 99 3.0
62 100 7.0
62 101 0.0
62 102 4.0
62 103 2.0
62 104 4.0
62 105 7.0
62 106 8.0
62 107 1.0
62 108 2.0
62 109 6.0
62 110 3.0
62 111 9.0
62 112 1.0
62 113 1.0
62 114 5.0
62 115 0.0
62 116 4.0
62 117 9.0
62 118 0.0
62 119 6.0
62 120 2.0
62 121 8.0
62 122 4.0
62 123 2.0
62 124 9.0
63 64 5.0
63 65 3.0
63 66 3.0
63 67 0.0
63 68 2.0
63 69 7.0
63 70 2.0
63 71 1.0
63 72 6.0
63 73 8.0
63 74 7.0
63 75 3.0
63 76 0.0
63 77 6.0
63 78 1.0
63 79 2.0
63 80 3.0
63 81 5.0
63 82 3.0
63 83 3.0
63 84 9.0
63 85 0.0
63 86 9.0
63 87 4.0
63 88 4.0
63 89 4.0
63 90 7.0
63 91 7.0
63 92 5.0
63 93 8.0
63 94 4.0
63 95 3.0
63 96 4.0
63 97 2.0
63 98 1.0
63 99 2.0
63 100 1.0
63 101 4.0
63 102 0.0
63 103 4.0
63 104 6.0
63 105 5.0
63 106 5.0
63 107 2.0
63 108 6.0
63 109 0.0
63 110 6.0
63 111 9.0
63 112 2.0
63 113 4.0
63 114 8.0
63 115 1.0
63 116 2.0
63 117 4.0
63 118 9.0
63 119 4.0
63 120 6.0
63 121 3.0
63 122 9.0
63 123 4.0
63 124 2.0
64 65 5.0
64 66 4.0
64 67 6.0
64 68 0.0
64 69 4.0
64 70 9.0
64 71 1.0
64 72 1.0
64 73 8.0
64 74 5.0
64 75 6.0
64 76 6.0
64 77 6.0
64 78 4.0
64 79 4.0
64 80 9.0
64 81 7.0
64 82 3.0
64 83 3.0
64 84 7.0
64 85 5.0
64 86 6.0
64 87 5.0
64 88 0.0
64 89 9.0
64 90 2.0
64 91 7.0
64 92 2.0
64 93 0.0
64 94 3.0
64 95 9.0
64 96 9.0
64 97 0.0
64 98 8.0
64 99 6.0
64 100 9.0
64 101 1.0
64 102 8.0
64 103 5.0
64 104 1.0
64 105 8.0
64 106 0.0
64 107 8.0
64 108 6.0
64 109 9.0
64 110 5.0
64 111 7.0
64 112 3.0
64 113 6.0
64 114 5.0
64 115 4.0
64 116 1.0
64 117 6.0
64 118 9.0
64 119 9.0
64 120 5.0
64 121 6.0
64 122 3.0
64 123 5.0
64 124 7.0
65 66 9.0
65 67 0.0
65 68 2.0
65 69 8.0
65 70 8.0
65 71 9.0
65 72 2.0
65 73 2.0
65 74 0.0
65 75 2.0
65 76 9.0
65 77 1.0
65 78 7.0
65 79 1.0
65 80 5.0
65 81 2.0
65 82 1.0
65 83 4.0
65 84 7.0
65 85 7.0
65 86 9.0
65 87 4.0
65 88 9.0
65 89 1.0
65 90 0.0
65 91 4.0
65 92 1.0
65 93 5.0
65 94 1.0
65 95 2.0
65 96 4.0
65 97 8.0
65 98 7.0
65 99 3.0
65 100 4.0
65 101 7.0
65 102 5.0
65 103 3.0
65 104 5.0
65 105 8.0
65 106 5.0
65 107 6.0
65 108 8.0
65 109 8.0
65 110 4.0
65 111 9.0
65 112 3.0
65 113 1.0
65 114 8.0
65 115 4.0
65 116 7.0
65 117 2.0
65 118 5.0
65 119 5.0
65 120 7.0
65 121 2.0
65 122 9.0
65 123 3.0
65 124 7.0
66 67 6.0
66 68 9.0
66 69 5.0
66 70 5.0
66 71 2.0
66 72 8.0
66 73 2.0
66 74 3.0
66 75 0.0
66 76 1.0
66 77 3.0
66 78 1.0
66 79 2.0
66 80 3.0
66 81 7.0
66 82 4.0
66 83 9.0
66 84 7.0
66 85 4.0
66 86 0.0
66 87 6.0
66 88 0.0
66 89 4.0
66 90 2.0
66 91 7.0
66 92 7.0
66 93 2.0
66 94 8.0
66 95 2.0
66 96 6.0
66 97 3.0
66 98 3.0
66 99 5.0
66 100 2.0
66 101 0.0
66 102 9.0
66 103 0.0
66 104 0.0
66 105 2.0
66 106 0.0
66 107 9.0
66 108 1.0
66 109 7.0
66 110 4.0
66 111 6.0
66 112 2.0
66 113 5.0
66 114 7.0
66 115 8.0
66 116 0.0
66 117 8.0
66 118 1.0
66 119 1.0
66 120 7.0
66 121 6.0
66 122 9.0
66 123 1.0
66 124 0.0
67 68 2.0
67 69 5.0
67 70 1.0
67 71 3.0
67 72 3.0
67 73 7.0
67 74 4.0
67 75 7.0
67 76 5.0
67 77 8.0
67 78 9.0
67 79 9.0
67 80 0.0
67 81 2.0
67 82 2.0
67 83 8.0
67 84 9.0
67 85 2.0
67 86 4.0
67 87 7.0
67 88 5.0
67 89 4.0
67 90 4.0
67 91 6.0
67 92 4.0
67 93 4.0
67 94 4.0
67 95 7.0
67 96 3.0
67 97 6.0
67 98 6.0
67 99 6.0
67 100 0.0
67 101 8.0
67 102 3.0
67 103 8.0
67 104 4.0
67 105 9.0
67 106 3.0
67 107 5.0
67 108 4.0
67 109 0.0
67 110 1.0
67 111 9.0
67 112 8.0
67 113 3.0
67 114 7.0
67 115 3.0
67 116 3.0
67 117 6.0
67 118 6.0
67 119 7.0
67 120 0.0
67 121 8.0
67 122 2.0
67 123 4.0
67 124 4.0
68 69 3.0
68 70 3.0
68 71 4.0
68 72 8.0
68 73 9.0
68 74 7.0
68 75 7.0
68 76 0.0
68 77 5.0
68 78 3.0
68 79 5.0
68 80 1.0
68 81 4.0
68 82 5.0
68 83 1.0
68 84 0.0
68 85 8.0
68 86 6.0
68 87 2.0
68 88 9.0
68 89 8.0
68 90 3.0
68 91 8.0
68 92 2.0
68 93 3.0
68 94 1.0
68 95 6.0
68 96 5.0
68 97 5.0
68 98 3.0
68 99 7.0
68 100 0.0
68 101 9.0
68 102 1.0
68 103 4.0
68 104 0.0
68 105 5.0
68 106 0.0
68 107 4.0
68 108 7.0
68 109 7.0
68 110 5.0
68 111 2.0
68 112 9.0
68 113 6.0
68 114 3.0
68 115 6.0
68 116 5.0
68 117 4.0
68 118 3.0
68 119 8.0
68 120 7.0
68 121 9.0
68 122 2.0
68 123 2.0
68 124 2.0
69 70 3.0
69 71 4.0
69 72 4.0
69 73 9.0
69 74 7.0
69 75 6.0
69 76 9.0
69 77 0.0
69 78 5.0
69 79 6.0
69 80 9.0
69 81 0.0
69 82 3.0
69 83 0.0
69 84 4.0
69 85 4.0
69 86 8.0
69 87 7.0
69 88 5.0
69 89 4.0
69 90 4.0
69 91 0.0
69 92 1.0
69 93 5.0
69 94 7.0
69 95 8.0
69 96 3.0
69 97 3.0
69 98 1.0
69 99 6.0
69 100 3.0
69 101 0.0
69 102 6.0
69 103 0.0
69 104 7.0
69 105 3.0
69 106 3.0
69 107 5.0
69 108 1.0
69 109 2.0
69 110 1.0
69 111 6.0
69 112 9.0
69 113 9.0
69 114 3.0
69 115 0.0
69 116 4.0
69 117 5.0
69 118 5.0
69 119 6.0
69 120 8.0
69 121 7.0
69 122 3.0
69 123 0.0
69 124 7.0
70 71 6.0
70 72 7.0
70 73 2.0
70 74 4.0
70 75 5.0
70 76 4.0
70 77 6.0
70 78 0.0
70 79 7.0
70 80 5.0
70 81 1.0
70 82 3.0
70 83 2.0
70 84 0.0
70 85 6.0
70 86 7.0
70 87 6.0
70 88 1.0
70 89 0.0
70 90 9.0
70 91 6.0
70 92 6.0
70 93 4.0
70 94 5.0
70 95 8.0
70 96 7.0
70 97 4.0
70 98 3.0
70 99 9.0
70 100 3.0
70 101 2.0
70 102 3.0
70 103 0.0
70 104 6.0
70 105 7.0
70 106 9.0
70 107 8.0
70 108 1.0
70 109 1.0
70 110 1.0
70 111 6.0
70 112 1.0
70 113 3.0
70 114 8.0
70 115 4.0
70 116 8.0
70 117 4.0
70 118 2.0
70 119 8.0
70 120 6.0
70 121 0.0
70 122 9.0
70 123 9.0
70 124 4.0
71 72 2.0
71 73 1.0
71 74 1.0
71 75 1.0
71 76 7.0
71 77 6.0
71 78 4.0
71 79 2.0
71 80 7.0
71 81 0.0
71 82 6.0
71 83 1.0
71 84 9.0
71 85 7.0
71 86 1.0
71 87 9.0
71 88 3.0
71 89 3.0
71 90 3.0
71 91 8.0
71 92 2.0
71 93 6.0
71 94 6.0
71 95 6.0
71 96 2.0
71 97 2.0
71 98 7.0
71 99 4.0
71 100 4.0
71 101 6.0
71 102 1.0
71 103 7.0
71 104 4.0
71 105 4.0
71 106 4.0
71 107 2.0
71 108 9.0
71 109 3.0
71 110 3.0
71 111 3.0
71 112 7.0
71 113 1.0
71 114 2.0
71 115 3.0
71 116 4.0
71 117 4.0
71 118 2.0
71 119 4.0
71 120 3.0
71 121 5.0
71 122 9.0
71 123 2.0
71 124 3.0
72 73 5.0
72 74 5.0
72 75 3.0
72 76 7.0
72 77 6.0
72 78 5.0
72 79 3.0
72 80 2.0
72 81 6.0
72 82 9.0
72 83 7.0
72 84 6.0
72 85 9.0
72 86 4.0
72 87 3.0
72 88 5.0
72 89 4.0
72 90 0.0
72 91 5.0
72 92 3.0
72 93 9.0
72 94 2.0
72 95 2.0
72 96 8.0
72 97 3.0
72 98 2.0
72 99 1.0
72 100 4.0
72 101 8.0
72 102 8.0
72 103 6.0
72 104 0.0
72 105 1.0
72 106 6.0
72 107 3.0
72 108 0.0
72 109 3.0
72 110 2.0
72 111 8.0
72 112 9.0
72 113 0.0
72 114 1.0
72 115 2.0
72 116 0.0
72 117 5.0
72 118 3.0
72 119 2.0
72 120 6.0
72 121 7.0
72 122 7.0
72 123 5.0
72 124 8.0
73 74 6.0
73 75 2.0
73 76 2.0
73 77 4.0
73 78 8.0
73 79 2.0
73 80 6.0
73 81 5.0
73 82 6.0
73 83 0.0
73 84 8.0
73 85 9.0
73 86 7.0
73 87 4.0
73 88 6.0
73 89 3.0
73 90 2.0
73 91 5.0
73 92 8.0
73 93 1.0
73 94 2.0
73 95 8.0
73 96 4.0
73 97 8.0
73 98 7.0
73 99 9.0
73 100 3.0
73 101 7.0
73 102 8.0
73 103 9.0
73 104 3.0
73 105 0.0
73 106 1.0
73 107 2.0
73 108 6.0
73 109 9.0
73 110 0.0
73 111 3.0
73 112 4.0
73 113 3.0
73 114 3.0
73 115 3.0
73 116 4.0
73 117 1.0
73 118 9.0
73 119 3.0
73 120 9.0
73 121 8.0
73 122 4.0
73 123 1.0
73 124 1.0
74 75 6.0
74 76 3.0
74 77 6.0
74 78 0.0
74 79 4.0
74 80 3.0
74 81 8.0
74 82 0.0
74 83 0.0
74 84 2.0
74 85 5.0
74 86 1.0
74 87 0.0
74 88 4.0
74 89 3.0
74 90 4.0
74 91 9.0
74 92 4.0
74 93 2.0
74 94 9.0
74 95 2.0
74 96 5.0
74 97 9.0
74 98 9.0
74 99 4.0
74 100 6.0
74 101 4.0
74 102 5.0
74 103 8.0
74 104 6.0
74 105 0.0
74 106 9.0
74 107 1.0
74 108 2.0
74 109 5.0
74 110 9.0
74 111 2.0
74 112 0.0
74 113 9.0
74 114 7.0
74 115 0.0
74 116 7.0
74 117 5.0
74 118 8.0
74 119 1.0
74 120 8.0
74 121 5.0
74 122 0.0
74 123 0.0
74 124 0.0
75 76 3.0
75 77 3.0
75 78 2.0
75 79 6.0
75 80 2.0
75 81 2.0
75 82 6.0
75 83 4.0
75 84 4.0
75 85 9.0
75 86 0.0
75 87 7.0
75 88 9.0
75 89 5.0
75 90 2.0
75 91 3.0
75 92 8.0
75 93 4.0
75 94 6.0
75 95 7.0
75 96 2.0
75 97 2.0
75 98 6.0
75 99 8.0
75 100 3.0
75 101 3.0
75 102 3.0
75 103 7.0
75 104 0.0
75 105 5.0
75 106 4.0
75 107 9.0
75 108 3.0
75 109 6.0
75 110 6.0
75 111 5.0
75 112 5.0
75 113 5.0
75 114 8.0
75 115 8.0
75 116 2.0
75 117 7.0
75 118 9.0
75 119 8.0
75 120 8.0
75 121 3.0
75 122 0.0
75 123 3.0
75 124 2.0
76 77 1.0
76 78 8.0
76 79 3.0
76 80 9.0
76 81 7.0
76 82 4.0
76 83 0.0
76 84 9.0
76 85 6.0
76 86 9.0
76 87 6.0
76 88 0.0
76 89 0.0
76 90 1.0
76 91 8.0
76 92 1.0
76 93 8.0
76 94 4.0
76 95 3.0
76 96 4.0
76 97 4.0
76 98 6.0
76 99 8.0
76 100 7.0
76 101 3.0
76 102 0.0
76 103 4.0
76 104 9.0
76 105 8.0
76 106 1.0
76 107 1.0
76 108 3.0
76 109 4.0
76 110 4.0
76 111 4.0
76 112 2.0
76 113 9.0
76 114 4.0
76 115 1.0
76 116 4.0
76 117 7.0
76 118 2.0
76 119 2.0
76 120 3.0
76 121 5.0
76 122 2.0
76 123 1.0
76 124 0.0
77 78 3.0
77 79 4.0
77 80 7.0
77 81 9.0
77 82 2.0
77 83 0.0
77 84 2.0
77 85 5.0
77 86 8.0
77 87 1.0
77 88 3.0
77 89 1.0
77 90 8.0
77 91 1.0
77 92 7.0
77 93 1.0
77 94 3.0
77 95 2.0
77 96 3.0
77 97 7.0
77 98 0.0
77 99 9.0
77 100 8.0
77 101 3.0
77 102 0.0
77 103 7.0
77 104 6.0
77 105 4.0
77 106 2.0
77 107 9.0
77 108 8.0
77 109 9.0
77 110 7.0
77 111 4.0
77 112 6.0
77 113 3.0
77 114 3.0
77 115 9.0
77 116 2.0
77 117 1.0
77 118 1.0
77 119 3.0
77 120 2.0
77 121 4.0
77 122 9.0
77 123 2.0
77 124 1.0
78 79 4.0
78 80 1.0
78 81 4.0
78 82 6.0
78 83 6.0
78 84 8.0
78 85 4.0
78 86 2.0
78 87 6.0
78 88 9.0
78 89 4.0
78 90 9.0
78 91 3.0
78 92 2.0
78 93 3.0
78 94 9.0
78 95 9.0
78 96 6.0
78 97 5.0
78 98 9.0
78 99 7.0
78 100 0.0
78 101 9.0
78 102 0.0
78 103 8.0
78 104 4.0
78 105 1.0
78 106 1.0
78 107 5.0
78 108 2.0
78 109 6.0
78 110 4.0
78 111 9.0
78 112 2.0
78 113 8.0
78 114 8.0
78 115 7.0
78 116 1.0
78 117 4.0
78 118 9.0
78 119 3.0
78 120 0.0
78 121 0.0
78 122 2.0
78 123 8.0
78 124 5.0
79 80 2.0
79 81 6.0
79 82 3.0
79 83 6.0
79 84 4.0
79 85 6.0
79 86 9.0
79 87 3.0
79 88 6.0
79 89 0.0
79 90 3.0
79 91 9.0
79 92 5.0
79 93 9.0
79 94 3.0
79 95 2.0
79 96 0.0
79 97 9.0
79 98 7.0
79 99 4.0
79 100 7.0
79 101 2.0
79 102 3.0
79 103 8.0
79 104 4.0
79 105 5.0
79 106 5.0
79 107 0.0
79 108 2.0
79 109 2.0
79 110 7.0
79 111 3.0
79 112 8.0
79 113 6.0
79 114 5.0
79 115 4.0
79 116 4.0
79 117 4.0
79 118 0.0
79 119 4.0
79 120 8.0
79 121 6.0
79 122 7.0
79 123 1.0
79 124 8.0
80 81 6.0
80 82 1.0
80 83 7.0
80 84 7.0
80 85 0.0
80 86 0.0
80 87 7.0
80 88 5.0
80 89 4.0
80 90 2.0
80 91 4.0
80 92 5.0
80 93 4.0
80 94 0.0
80 95 2.0
80 96 2.0
80 97 8.0
80 98 6.0
80 99 5.0
80 100 7.0
80 101 6.0
80 102 4.0
80 103 0.0
80 104 1.0
80 105 1.0
80 106 8.0
80 107 0.0
80 108 7.0
80 109 2.0
80 110 0.0
80 111 3.0
80 112 3.0
80 113 9.0
80 114 0.0
80 115 3.0
80 116 3.0
80 117 8.0
80 118 8.0
80 119 4.0
80 120 8.0
80 121 2.0
80 122 2.0
80 123 9.0
80 124 0.0
81 82 4.0
81 83 4.0
81 84 2.0
81 85 3.0
81 86 5.0
81 87 1.0
81 88 8.0
81 89 7.0
81 90 4.0
81 91 1.0
81 92 9.0
81 93 4.0
81 94 5.0
81 95 8.0
81 96 9.0
81 97 2.0
81 98 6.0
81 99 9.0
81 100 6.0
81 101 4.0
81 102 8.0
81 103 8.0
81 104 5.0
81 105 1.0
81 106 4.0
81 107 4.0
81 108 9.0
81 109 3.0
81 110 3.0
81 111 0.0
81 112 2.0
81 113 7.0
81 114 3.0
81 115 5.0
81 116 4.0
81 117 0.0
81 118 0.0
81 119 9.0
81 120 6.0
81 121 0.0
81 122 5.0
81 123 8.0
81 124 6.0
82 83 4.0
82 84 5.0
82 85 0.0
82 86 8.0
82 87 4.0
82 88 6.0
82 89 5.0
82 90 2.0
82 91 0.0
82 92 5.0
82 93 4.0
82 94 7.0
82 95 6.0
82 96 8.0
82 97 2.0
82 98 8.0
82 99 3.0
82 100 7.0
82 101 0.0
82 102 9.0
82 103 0.0
82 104 7.0
82 105 0.0
82 106 2.0
82 107 7.0
82 108 0.0
82 109 4.0
82 110 9.0
82 111 0.0
82 112 0.0
82 113 4.0
82 114 5.0
82 115 7.0
82 116 3.0
82 117 5.0
82 118 6.0
82 119 3.0
82 120 0.0
82 121 1.0
82 122 1.0
82 123 4.0
82 124 3.0
83 84 2.0
83 85 4.0
83 86 3.0
83 87 3.0
83 88 8.0
83 89 6.0
83 90 3.0
83 91 4.0
83 92 7.0
83 93 4.0
83 94 0.0
83 95 5.0
83 96 7.0
83 97 0.0
83 98 9.0
83 99 8.0
83 100 4.0
83 101 6.0
83 102 6.0
83 103 1.0
83 104 3.0
83 105 3.0
83 106 0.0
83 107 7.0
83 108 0.0
83 109 5.0
83 110 3.0
83 111 8.0
83 112 4.0
83 113 0.0
83 114 4.0
83 115 8.0
83 116 2.0
83 117 4.0
83 118 6.0
83 119 5.0
83 120 1.0
83 121 8.0
83 122 1.0
83 123 1.0
83 124 8.0
84 85 8.0
84 86 7.0
84 87 0.0
84 88 1.0
84 89 0.0
84 90 5.0
84 91 1.0
84 92 1.0
84 93 3.0
84 94 9.0
84 95 3.0
84 96 5.0
84 97 2.0
84 98 0.0
84 99 0.0
84 100 5.0
84 101 3.0
84 102 6.0
84 103 8.0
84 104 5.0
84 105 6.0
84 106 7.0
84 107 4.0
84 108 4.0
84 109 3.0
84 110 9.0
84 111 1.0
84 112 7.0
84 113 5.0
84 114 2.0
84 115 3.0
84 116 1.0
84 117 8.0
84 118 2.0
84 119 2.0
84 120 9.0
84 121 3.0
84 122 7.0
84 123 7.0
84 124 9.0
85 86 3.0
85 87 4.0
85 88 8.0
85 89 7.0
85 90 6.0
85 91 1.0
85 92 5.0
85 93 4.0
85 94 4.0
85 95 1.0
85 96 0.0
85 97 4.0
85 98 1.0
85 99 2.0
85 100 2.0
85 101 9.0
85 102 2.0
85 103 2.0
85 104 7.0
85 105 3.0
85 106 4.0
85 107 5.0
85 108 1.0
85 109 4.0
85 110 8.0
85 111 7.0
85 112 0.0
85 113 8.0
85 114 1.0
85 115 4.0
85 116 5.0
85 117 7.0
85 118 3.0
85 119 0.0
85 120 8.0
85 121 8.0
85 122 3.0
85 123 8.0
85 124 1.0
86 87 0.0
86 88 3.0
86 89 8.0
86 90 3.0
86 91 2.0
86 92 6.0
86 93 5.0
86 94 3.0
86 95 1.0
86 96 4.0
86 97 2.0
86 98 4.0
86 99 5.0
86 100 6.0
86 101 6.0
86 102 7.0
86 103 6.0
86 104 8.0
86 105 2.0
86 106 8.0
86 107 2.0
86 108 3.0
86 109 1.0
86 110 9.0
86 111 9.0
86 112 1.0
86 113 5.0
86 114 7.0
86 115 2.0
86 116 5.0
86 117 0.0
86 118 3.0
86 119 8.0
86 120 5.0
86 121 1.0
86 122 5.0
86 123 8.0
86 124 0.0
87 88 7.0
87 89 0.0
87 90 3.0
87 91 5.0
87 92 6.0
87 93 4.0
87 94 2.0
87 95 0.0
87 96 6.0
87 97 2.0
87 98 3.0
87 99 9.0
87 100 6.0
87 101 5.0
87 102 6.0
87 103 6.0
87 104 0.0
87 105 7.0
87 106 5.0
87 107 3.0
87 108 7.0
87 109 1.0
87 110 4.0
87 111 4.0
87 112 5.0
87 113 8.0
87 114 4.0
87 115 0.0
87 116 9.0
87 117 9.0
87 118 4.0
87 119 1.0
87 120 1.0
87 121 2.0
87 122 4.0
87 123 7.0
87 124 9.0
88 89 3.0
88 90 1.0
88 91 5.0
88 92 2.0
88 93 5.0
88 94 7.0
88 95 7.0
88 96 1.0
88 97 3.0
88 98 6.0
88 99 6.0
88 100 6.0
88 101 4.0
88 102 3.0
88 103 3.0
88 104 8.0
88 105 4.0
88 106 9.0
88 107 1.0
88 108 4.0
88 109 9.0
88 110 1.0
88 111 8.0
88 112 0.0
88 113 2.0
88 114 2.0
88 115 7.0
88 116 4.0
88 117 1.0
88 118 3.0
88 119 5.0
88 120 3.0
88 121 5.0
88 122 0.0
88 123 9.0
88 124 7.0
89 90 7.0
89 91 6.0
89 92 2.0
89 93 5.0
89 94 5.0
89 95 8.0
89 96 8.0
89 97 8.0
89 98 2.0
89 99 7.0
89 100 0.0
89 101 2.0
89 102 6.0
89 103 2.0
89 104 3.0
89 105 0.0
89 106 4.0
89 107 3.0
89 108 7.0
89 109 4.0
89 110 8.0
89 111 1.0
89 112 3.0
89 113 6.0
89 114 6.0
89 115 9.0
89 116 9.0
89 117 7.0
89 118 2.0
89 119 4.0
89 120 7.0
89 121 3.0
89 122 9.0
89 123 2.0
89 124 3.0
90 91 2.0
90 92 1.0
90 93 0.0
90 94 2.0
90 95 7.0
90 96 9.0
90 97 7.0
90 98 2.0
90 99 5.0
90 100 5.0
90 101 4.0
90 102 7.0
90 103 3.0
90 104 0.0
90 105 9.0
90 106 8.0
90 107 7.0
90 108 8.0
90 109 5.0
90 110 4.0
90 111 9.0
90 112 1.0
90 113 0.0
90 114 1.0
90 115 0.0
90 116 0.0
90 117 4.0
90 118 5.0
90 119 2.0
90 120 0.0
90 121 3.0
90 122 1.0
90 123 2.0
90 124 9.0
91 92 0.0
91 93 8.0
91 94 2.0
91 95 2.0
91 96 6.0
91 97 3.0
91 98 7.0
91 99 7.0
91 100 6.0
91 101 1.0
91 102 0.0
91 103 1.0
91 104 3.0
91 105 8.0
91 106 2.0
91 107 9.0
91 108 5.0
91 109 2.0
91 110 5.0
91 111 7.0
91 112 3.0
91 113 4.0
91 114 8.0
91 115 3.0
91 116 9.0
91 117 2.0
91 118 3.0
91 119 0.0
91 120 3.0
91 121 2.0
91 122 8.0
91 123 1.0
91 124 7.0
92 93 6.0
92 94 5.0
92 95 0.0
92 96 6.0
92 97 5.0
92 98 7.0
92 99 0.0
92 100 0.0
92 101 3.0
92 102 8.0
92 103 6.0
92 104 4.0
92 105 5.0
92 106 5.0
92 107 9.0
92 108 0.0
92 109 5.0
92 110 3.0
92 111 8.0
92 112 0.0
92 113 1.0
92 114 3.0
92 115 5.0
92 116 2.0
92 117 3.0
92 118 0.0
92 119 7.0
92 120 5.0
92 121 4.0
92 122 3.0
92 123 5.0
92 124 5.0
93 94 4.0
93 95 8.0
93 96 0.0
93 97 5.0
93 98 0.0
93 99 9.0
93 100 0.0
93 101 9.0
93 102 3.0
93 103 8.0
93 104 9.0
93 105 1.0
93 106 4.0
93 107 8.0
93 108 6.0
93 109 9.0
93 110 2.0
93 111 3.0
93 112 3.0
93 113 1.0
93 114 6.0
93 115 7.0
93 116 6.0
93 117 6.0
93 118 8.0
93 119 3.0
93 120 9.0
93 121 9.0
93 122 9.0
93 123 0.0
93 124 9.0
94 95 3.0
94 96 8.0
94 97 8.0
94 98 9.0
94 99 2.0
94 100 4.0
94 101 3.0
94 102 3.0
94 103 4.0
94 104 2.0
94 105 8.0
94 106 1.0
94 107 0.0
94 108 7.0
94 109 2.0
94 110 8.0
94 111 1.0
94 112 8.0
94 113 5.0
94 114 8.0
94 115 5.0
94 116 9.0
94 117 4.0
94 118 3.0
94 119 4.0
94 120 4.0
94 121 0.0
94 122 2.0
94 123 5.0
94 124 4.0
95 96 0.0
95 97 5.0
95 98 4.0
95 99 2.0
95 100 2.0
95 101 6.0
95 102 2.0
95 103 8.0
95 104 2.0
95 105 5.0
95 106 8.0
95 107 1.0
95 108 0.0
95 109 0.0
95 110 9.0
95 111 2.0
95 112 3.0
95 113 5.0
95 114 0.0
95 115 1.0
95 116 4.0
95 117 4.0
95 118 2.0
95 119 9.0
95 120 7.0
95 121 0.0
95 122 0.0
95 123 0.0
95 124 4.0
96 97 9.0
96 98 8.0
96 99 6.0
96 100 6.0
96 101 5.0
96 102 1.0
96 103 8.0
96 104 7.0
96 105 0.0
96 106 9.0
96 107 6.0
96 108 3.0
96 109 8.0
96 110 0.0
96 111 9.0
96 112 8.0
96 113 9.0
96 114 3.0
96 115 0.0
96 116 0.0
96 117 4.0
96 118 3.0
96 119 0.0
96 120 9.0
96 121 3.0
96 122 9.0
96 123 8.0
96 124 8.0
97 98 6.0
97 99 5.0
97 100 6.0
97 101 2.0
97 102 7.0
97 103 8.0
97 104 9.0
97 105 3.0
97 106 1.0
97 107 5.0
97 108 6.0
97 109 4.0
97 110 5.0
97 111 8.0
97 112 8.0
97 113 7.0
97 114 1.0
97 115 5.0
97 116 4.0
97 117 1.0
97 118 8.0
97 119 0.0
97 120 9.0
97 121 3.0
97 122 0.0
97 123 5.0
97 124 2.0
98 99 3.0
98 100 4.0
98 101 3.0
98 102 6.0
98 103 6.0
98 104 5.0
98 105 6.0
98 106 4.0
98 107 5.0
98 108 9.0
98 109 4.0
98 110 6.0
98 111 8.0
98 112 9.0
98 113 2.0
98 114 3.0
98 115 1.0
98 116 0.0
98 117 3.0
98 118 6.0
98 119 6.0
98 120 2.0
98 121 5.0
98 122 0.0
98 123 1.0
98 124 4.0
99 100 0.0
99 101 6.0
99 102 8.0
99 103 5.0
99 104 4.0
99 105 3.0
99 106 5.0
99 107 6.0
99 108 4.0
99 109 6.0
99 110 9.0
99 111 7.0
99 112 9.0
99 113 9.0
99 114 1.0
99 115 3.0
99 116 4.0
99 117 7.0
99 118 3.0
99 119 5.0
99 120 3.0
99 121 1.0
99 122 4.0
99 123 7.0
99 124 0.0
100 101 9.0
100 102 7.0
100 103 2.0
100 104 9.0
100 105 5.0
100 106 0.0
100 107 2.0
100 108 7.0
100 109 9.0
100 110 9.0
100 111 2.0
100 112 1.0
100 113 9.0
100 114 5.0
100 115 8.0
100 116 8.0
100 117 3.0
100 118 9.0
100 119 9.0
100 120 7.0
100 121 3.0
100 122 9.0
100 123 1.0
100 124 4.0
101 102 6.0
101 103 8.0
101 104 4.0
101 105 7.0
101 106 3.0
101 107 4.0
101 108 5.0
101 109 2.0
101 110 4.0
101 111 3.0
101 112 6.0
101 113 2.0
101 114 1.0
101 115 5.0
101 116 9.0
101 117 1.0
101 118 2.0
101 119 2.0
101 120 0.0
101 121 2.0
101 122 9.0
101 123 7.0
101 124 5.0
102 103 8.0
102 104 7.0
102 105 7.0
102 106 9.0
102 107 2.0
102 108 7.0
102 109 4.0
102 110 4.0
102 111 6.0
102 112 4.0
102 113 6.0
102 114 4.0
102 115 1.0
102 116 0.0
102 117 0.0
102 118 4.0
102 119 1.0
102 120 7.0
102 121 6.0
102 122 0.0
102 123 4.0
102 124 8.0
103 104 3.0
103 105 6.0
103 106 2.0
103 107 6.0
103 108 0.0
103 109 1.0
103 110 4.0
103 111 2.0
103 112 2.0
103 113 6.0
103 114 4.0
103 115 4.0
103 116 7.0
103 117 1.0
103 118 1.0
103 119 2.0
103 120 8.0
103 121 0.0
103 122 5.0
103 123 7.0
103 124 9.0
104 105 8.0
104 106 6.0
104 107 8.0
104 108 5.0
104 109 9.0
104 110 2.0
104 111 1.0
104 112 7.0
104 113 1.0
104 114 7.0
104 115 1.0
104 116 3.0
104 117 6.0
104 118 6.0
104 119 0.0
104 120 7.0
104 121 6.0
104 122 9.0
104 123 1.0
104 124 2.0
105 106 8.0
105 107 4.0
105 108 5.0
105 109 7.0
105 110 9.0
105 111 8.0
105 112 6.0
105 113 0.0
105 114 4.0
105 115 5.0
105 116 2.0
105 117 3.0
105 118 4.0
105 119 6.0
105 120 9.0
105 121 8.0
105 122 6.0
105 123 2.0
105 124 6.0
106 107 1.0
106 108 0.0
106 109 2.0
106 110 1.0
106 111 8.0
106 112 2.0
106 113 0.0
106 114 4.0
106 115 8.0
106 116 7.0
106 117 1.0
106 118 6.0
106 119 9.0
106 120 8.0
106 121 4.0
106 122 2.0
106 123 3.0
106 124 2.0
107 108 1.0
107 109 6.0
107 110 5.0
107 111 1.0
107 112 7.0
107 113 1.0
107 114 9.0
107 115 1.0
107 116 4.0
107 117 6.0
107 118 5.0
107 119 6.0
107 120 9.0
107 121 8.0
107 122 7.0
107 123 3.0
107 124 1.0
108 109 4.0
108 110 6.0
108 111 0.0
108 112 6.0
108 113 6.0
108 114 7.0
108 115 9.0
108 116 9.0
108 117 5.0
108 118 7.0
108 119 3.0
108 120 8.0
108 121 8.0
108 122 2.0
108 123 9.0
108 124 9.0
109 110 0.0
109 111 2.0
109 112 1.0
109 113 9.0
109 114 4.0
109 115 4.0
109 116 5.0
109 117 7.0
109 118 8.0
109 119 1.0
109 120 5.0
109 121 1.0
109 122 4.0
109 123 5.0
109 124 2.0
110 111 3.0
110 112 6.0
110 113 8.0
110 114 5.0
110 115 6.0
110 116 1.0
110 117 6.0
110 118 4.0
110 119 1.0
110 120 7.0
110 121 9.0
110 122 1.0
110 123 2.0
110 124 9.0
111 112 4.0
111 113 8.0
111 114 0.0
111 115 9.0
111 116 5.0
111 117 6.0
111 118 3.0
111 119 4.0
111 120 9.0
111 121 2.0
111 122 6.0
111 123 1.0
111 124 9.0
112 113 0.0
112 114 1.0
112 115 7.0
112 116 5.0
112 117 1.0
112 118 9.0
112 119 2.0
112 120 8.0
112 121 7.0
112 122 5.0
112 123 3.0
112 124 2.0
113 114 1.0
113 115 2.0
113 116 7.0
113 117 2.0
113 118 2.0
113 119 5.0
113 120 1.0
113 121 5.0
113 122 3.0
113 123 8.0
113 124 2.0
114 115 0.0
114 116 3.0
114 117 2.0
114 118 8.0
114 119 8.0
114 120 2.0
114 121 2.0
114 122 6.0
114 123 7.0
114 124 2.0
115 116 3.0
115 117 3.0
115 118 8.0
115 119 2.0
115 120 5.0
115 121 3.0
115 122 3.0
115 123 1.0
115 124 4.0
116 117 3.0
116 118 9.0
116 119 4.0
116 120 6.0
116 121 1.0
116 122 1.0
116 123 1.0
116 124 3.0
117 118 1.0
117 119 8.0
117 120 1.0
117 121 4.0
117 122 7.0
117 123 9.0
117 124 1.0
118 119 6.0
118 120 2.0
118 121 0.0
118 122 6.0
118 123 9.0
118 124 4.0
119 120 8.0
119 121 2.0
119 122 7.0
119 123 8.0
119 124 2.0
120 121 1.0
120 122 2.0
120 123 8.0
120 124 6.0
121 122 2.0
121 123 9.0
121 124 5.0
122 123 7.0
122 124 7.0
123 124 1.0
