50 15
0 1 0.0
0 2 9.0
0 3 4.0
0 4 9.0
0 5 4.0
0 6 3.0
0 7 4.0
0 8 3.0
0 9 7.0
0 10 5.0
0 11 5.0
0 12 8.0
0 13 7.0
0 14 5.0
0 15 4.0
0 16 1.0
0 17 3.0
0 18 1.0
0 19 6.0
0 20 3.0
0 21 0.0
0 22 0.0
0 23 1.0
0 24 1.0
0 25 3.0
0 26 8.0
0 27 6.0
0 28 8.0
0 29 4.0
0 30 3.0
0 31 3.0
0 32 0.0
0 33 9.0
0 34 9.0
0 35 5.0
0 36 3.0
0 37 9.0
0 38 7.0
0 39 6.0
0 40 4.0
0 41 7.0
0 42 1.0
0 43 6.0
0 44 8.0
0 45 1.0
0 46 2.0
0 47 4.0
0 48 1.0
0 49 3.0
1 2 5.0
1 3 5.0
1 4 0.0
1 5 0.0
1 6 2.0
1 7 1.0
1 8 4.0
1 9 8.0
1 10 2.0
1 11 4.0
1 12 3.0
1 13 2.0
1 14 6.0
1 15 1.0
1 16 6.0
1 17 7.0
1 18 8.0
1 19 4.0
1 20 8.0
1 21 8.0
1 22 5.0
1 23 3.0
1 24 7.0
1 25 5.0
1 26 7.0
1 27 4.0
1 28 1.0
1 29 5.0
1 30 6.0
1 31 4.0
1 32 5.0
1 33 4.0
1 34 1.0
1 35 8.0
1 36 0.0
1 37 6.0
1 38 3.0
1 39 0.0
1 40 5.0
1 41 2.0
1 42 8.0
1 43 9.0
1 44 0.0
1 45 5.0
1 46 6.0
1 47 3.0
1 48 7.0
1 49 3.0
2 3 7.0
2 4 2.0
2 5 1.0
2 6 7.0
2 7 7.0
2 8 7.0
2 9 4.0
2 10 9.0
2 11 9.0
2 12 2.0
2 13 5.0
2 14 1.0
2 15 5.0
2 16 8.0
2 17 9.0
2 18 7.0
2 19 6.0
2 20 5.0
2 21 7.0
2 22 3.0
2 23 3.0
2 24 7.0
2 25 7.0
2 26 3.0
2 27 4.0
2 28 8.0
2 29 8.0
2 30 4.0
2 31 2.0
2 32 8.0
2 33 6.0
2 34 5.0
2 35 0.0
2 36 2.0
2 37 0.0
2 38 7.0
2 39 1.0
2 40 0.0
2 41 5.0
2 42 9.0
2 43 7.0
2 44 5.0
2 45 1.0
2 46 6.0
2 47 0.0
2 48 4.0
2 49 9.0
3 4 2.0
3 5 0.0
3 6 1.0
3 7 8.0
3 8 2.0
3 9 9.0
3 10 5.0
3 11 3.0
3 12 9.0
3 13 4.0
3 14 7.0
3 15 1.0
3 16 4.0
3 17 7.0
3 18 3.0
3 19 8.0
3 20 6.0
3 21 1.0
3 22 6.0
3 23 1.0
3 24 2.0
3 25 0.0
3 26 6.0
3 27 8.0
3 28 0.0
3 29 7.0
3 30 5.0
3 31 1.0
3 32 4.0
3 33 1.0
3 34 8.0
3 35 4.0
3 36 1.0
3 37 6.0
3 38 6.0
3 39 2.0
3 40 0.0
3 41 0.0
3 42 1.0
3 43 5.0
3 44 5.0
3 45 6.0
3 46 5.0
3 47 7.0
3 48 6.0
3 49 6.0
4 5 6.0
4 6 7.0
4 7 9.0
4 8 2.0
4 9 2.0
4 10 3.0
4 11 7.0
4 12 3.0
4 13 4.0
4 14 6.0
4 15 8.0
4 16 3.0
4 17 8.0
4 18 0.0
4 19 8.0
4 20 5.0
4 21 4.0
4 22 2.0
4 23 6.0
4 24 9.0
4 25 0.0
4 26 9.0
4 27 6.0
4 28 7.0
4 29 7.0
4 30 7.0
4 31 7.0
4 32 0.0
4 33 9.0
4 34 5.0
4 35 9.0
4 36 9.0
4 37 5.0
4 38 9.0
4 39 5.0
4 40 4.0
4 41 0.0
4 42 3.0
4 43 7.0
4 44 3.0
4 45 2.0
4 46 6.0
4 47 9.0
4 48 1.0
4 49 0.0
5 6 9.0
5 7 9.0
5 8 7.0
5 9 2.0
5 10 7.0
5 11 9.0
5 12 1.0
5 13 0.0
5 14 4.0
5 15 2.0
5 16 3.0
5 17 0.0
5 18 4.0
5 19 4.0
5 20 0.0
5 21 3.0
5 22 6.0
5 23 3.0
5 24 1.0
5 25 9.0
5 26 0.0
5 27 0.0
5 28 7.0
5 29 7.0
5 30 9.0
5 31 8.0
5 32 6.0
5 33 5.0
5 34 4.0
5 35 0.0
5 36 9.0
5 37 2.0
5 38 6.0
5 39 1.0
5 40 0.0
5 41 8.0
5 42 4.0
5 43 9.0
5 44 2.0
5 45 6.0
5 46 8.0
5 47 5.0
5 48 7.0
5 49 2.0
6 7 8.0
6 8 8.0
6 9 8.0
6 10 0.0
6 11 1.0
6 12 7.0
6 13 8.0
6 14 6.0
6 15 7.0
6 16 8.0
6 17 6.0
6 18 0.0
6 19 9.0
6 20 6.0
6 21 5.0
6 22 5.0
6 23 4.0
6 24 1.0
6 25 1.0
6 26 9.0
6 27 3.0
6 28 3.0
6 29 9.0
6 30 7.0
6 31 9.0
6 32 3.0
6 33 2.0
6 34 9.0
6 35 7.0
6 36 2.0
6 37 4.0
6 38 7.0
6 39 1.0
6 40 5.0
6 41 6.0
6 42 5.0
6 43 8.0
6 44 6.0
6 45 5.0
6 46 6.0
6 47 1.0
6 48 7.0
6 49 7.0
7 8 3.0
7 9 0.0
7 10 5.0
7 11 4.0
7 12 6.0
7 13 9.0
7 14 4.0
7 15 3.0
7 16 9.0
7 17 3.0
7 18 0.0
7 19 9.0
7 20 5.0
7 21 6.0
7 22 7.0
7 23 9.0
7 24 3.0
7 25 7.0
7 26 9.0
7 27 1.0
7 28 1.0
7 29 2.0
7 30 2.0
7 31 4.0
7 32 3.0
7 33 5.0
7 34 0.0
7 35 2.0
7 36 9.0
7 37 0.0
7 38 2.0
7 39 2.0
7 40 8.0
7 41 5.0
7 42 1.0
7 43 2.0
7 44 3.0
7 45 2.0
7 46 0.0
7 47 0.0
7 48 2.0
7 49 3.0
8 9 1.0
8 10 7.0
8 11 2.0
8 12 7.0
8 13 0.0
8 14 7.0
8 15 7.0
8 16 3.0
8 17 9.0
8 18 7.0
8 19 7.0
8 20 0.0
8 21 9.0
8 22 3.0
8 23 9.0
8 24 5.0
8 25 6.0
8 26 6.0
8 27 7.0
8 28 6.0
8 29 3.0
8 30 4.0
8 31 2.0
8 32 7.0
8 33 2.0
8 34 1.0
8 35 7.0
8 36 2.0
8 37 9.0
8 38 9.0
8 39 0.0
8 40 1.0
8 41 6.0
8 42 2.0
8 43 7.0
8 44 0.0
8 45 3.0
8 46 2.0
8 47 6.0
8 48 6.0
8 49 5.0
9 10 9.0
9 11 9.0
9 12 3.0
9 13 8.0
9 14 4.0
9 15 0.0
9 16 1.0
9 17 2.0
9 18 1.0
9 19 6.0
9 20 6.0
9 21 4.0
9 22 7.0
9 23 9.0
9 24 8.0
9 25 0.0
9 26 0.0
9 27 4.0
9 28 6.0
9 29 9.0
9 30 6.0
9 31 6.0
9 32 0.0
9 33 9.0
9 34 3.0
9 35 6.0
9 36 9.0
9 37 5.0
9 38 2.0
9 39 4.0
9 40 8.0
9 41 7.0
9 42 6.0
9 43 4.0
9 44 3.0
9 45 1.0
9 46 3.0
9 47 7.0
9 48 5.0
9 49 5.0
10 11 7.0
10 12 5.0
10 13 8.0
10 14 0.0
10 15 2.0
10 16 8.0
10 17 2.0
10 18 1.0
10 19 2.0
10 20 3.0
10 21 9.0
10 22 3.0
10 23 6.0
10 24 9.0
10 25 5.0
10 26 2.0
10 27 6.0
10 28 8.0
10 29 0.0
10 30 0.0
10 31 7.0
10 32 6.0
10 33 4.0
10 34 8.0
10 35 1.0
10 36 4.0
10 37 5.0
10 38 0.0
10 39 1.0
10 40 6.0
10 41 1.0
10 42 8.0
10 43 5.0
10 44 0.0
10 45 8.0
10 46 1.0
10 47 9.0
10 48 8.0
10 49 4.0
11 12 5.0
11 13 6.0
11 14 4.0
11 15 5.0
11 16 9.0
11 17 7.0
11 18 7.0
11 19 2.0
11 20 8.0
11 21 6.0
11 22 6.0
11 23 3.0
11 24 2.0
11 25 0.0
11 26 1.0
11 27 6.0
11 28 1.0
11 29 9.0
11 30 3.0
11 31 9.0
11 32 2.0
11 33 0.0
11 34 6.0
11 35 0.0
11 36 7.0
11 37 0.0
11 38 5.0
11 39 3.0
11 40 9.0
11 41 8.0
11 42 9.0
11 43 1.0
11 44 2.0
11 45 5.0
11 46 4.0
11 47 9.0
11 48 7.0
11 49 7.0
12 13 2.0
12 14 1.0
12 15 9.0
12 16 1.0
12 17 6.0
12 18 8.0
12 19 8.0
12 20 4.0
12 21 8.0
12 22 0.0
12 23 6.0
12 24 0.0
12 25 6.0
12 26 2.0
12 27 8.0
12 28 0.0
12 29 0.0
12 30 5.0
12 31 4.0
12 32 9.0
12 33 4.0
12 34 0.0
12 35 7.0
12 36 1.0
12 37 2.0
12 38 9.0
12 39 8.0
12 40 0.0
12 41 9.0
12 42 3.0
12 43 3.0
12 44 7.0
12 45 5.0
12 46 7.0
12 47 3.0
12 48 0.0
12 49 4.0
13 14 7.0
13 15 0.0
13 16 5.0
13 17 4.0
13 18 2.0
13 19 8.0
13 20 9.0
13 21 7.0
13 22 5.0
13 23 2.0
13 24 2.0
13 25 2.0
13 26 6.0
13 27 1.0
13 28 1.0
13 29 3.0
13 30 3.0
13 31 5.0
13 32 9.0
13 33 4.0
13 34 5.0
13 35 9.0
13 36 4.0
13 37 6.0
13 38 5.0
13 39 4.0
13 40 3.0
13 41 0.0
13 42 9.0
13 43 1.0
13 44 3.0
13 45 1.0
13 46 8.0
13 47 2.0
13 48 8.0
13 49 5.0
14 15 4.0
14 16 8.0
14 17 5.0
14 18 9.0
14 19 9.0
14 20 6.0
14 21 4.0
14 22 7.0
14 23 8.0
14 24 0.0
14 25 5.0
14 26 7.0
14 27 2.0
14 28 9.0
14 29 0.0
14 30 8.0
14 31 2.0
14 32 8.0
14 33 8.0
14 34 0.0
14 35 1.0
14 36 0.0
14 37 6.0
14 38 4.0
14 39 7.0
14 40 5.0
14 41 7.0
14 42 9.0
14 43 0.0
14 44 4.0
14 45 5.0
14 46 4.0
14 47 8.0
14 48 7.0
14 49 7.0
15 16 1.0
15 17 5.0
15 18 6.0
15 19 1.0
15 20 7.0
15 21 6.0
15 22 7.0
15 23 6.0
15 24 8.0
15 25 4.0
15 26 8.0
15 27 7.0
15 28 5.0
15 29 2.0
15 30 9.0
15 31 5.0
15 32 3.0
15 33 0.0
15 34 1.0
15 35 0.0
15 36 6.0
15 37 3.0
15 38 5.0
15 39 5.0
15 40 4.0
15 41 7.0
15 42 6.0
15 43 8.0
15 44 9.0
15 45 4.0
15 46 7.0
15 47 1.0
15 48 0.0
15 49 6.0
16 17 0.0
16 18 9.0
16 19 9.0
16 20 2.0
16 21 1.0
16 22 2.0
16 23 6.0
16 24 2.0
16 25 8.0
16 26 1.0
16 27 2.0
16 28 3.0
16 29 2.0
16 30 6.0
16 31 1.0
16 32 3.0
16 33 0.0
16 34 1.0
16 35 2.0
16 36 4.0
16 37 7.0
16 38 0.0
16 39 6.0
16 40 1.0
16 41 9.0
16 42 6.0
16 43 8.0
16 44 6.0
16 45 8.0
16 46 2.0
16 47 7.0
16 48 7.0
16 49 3.0
17 18 2.0
17 19 7.0
17 20 3.0
17 21 4.0
17 22 1.0
17 23 5.0
17 24 8.0
17 25 1.0
17 26 2.0
17 27 2.0
17 28 2.0
17 29 0.0
17 30 0.0
17 31 9.0
17 32 4.0
17 33 9.0
17 34 7.0
17 35 1.0
17 36 3.0
17 37 4.0
17 38 2.0
17 39 3.0
17 40 9.0
17 41 8.0
17 42 1.0
17 43 2.0
17 44 2.0
17 45 0.0
17 46 6.0
17 47 4.0
17 48 7.0
17 49 1.0
18 19 4.0
18 20 3.0
18 21 9.0
18 22 6.0
18 23 0.0
18 24 5.0
18 25 8.0
18 26 2.0
18 27 7.0
18 28 9.0
18 29 0.0
18 30 4.0
18 31 5.0
18 32 7.0
18 33 8.0
18 34 2.0
18 35 8.0
18 36 2.0
18 37 1.0
18 38 7.0
18 39 7.0
18 40 7.0
18 41 0.0
18 42 7.0
18 43 2.0
18 44 2.0
18 45 5.0
18 46 4.0
18 47 4.0
18 48 8.0
18 49 5.0
19 20 6.0
19 21 5.0
19 22 2.0
19 23 8.0
19 24 4.0
19 25 4.0
19 26 0.0
19 27 9.0
19 28 9.0
19 29 7.0
19 30 8.0
19 31 3.0
19 32 8.0
19 33 4.0
19 34 0.0
19 35 5.0
19 36 8.0
19 37 2.0
19 38 8.0
19 39 4.0
19 40 3.0
19 41 2.0
19 42 4.0
19 43 6.0
19 44 2.0
19 45 5.0
19 46 2.0
19 47 5.0
19 48 2.0
19 49 3.0
20 21 5.0
20 22 3.0
20 23 7.0
20 24 5.0
20 25 4.0
20 26 4.0
20 27 3.0
20 28 4.0
20 29 5.0
20 30 9.0
20 31 4.0
20 32 8.0
20 33 4.0
20 34 1.0
20 35 5.0
20 36 5.0
20 37 3.0
20 38 5.0
20 39 1.0
20 40 5.0
20 41 6.0
20 42 2.0
20 43 8.0
20 44 4.0
20 45 9.0
20 46 5.0
20 47 3.0
20 48 6.0
20 49 9.0
21 22 9.0
21 23 6.0
21 24 0.0
21 25 7.0
21 26 2.0
21 27 2.0
21 28 1.0
21 29 8.0
21 30 1.0
21 31 9.0
21 32 6.0
21 33 6.0
21 34 6.0
21 35 5.0
21 36 2.0
21 37 9.0
21 38 3.0
21 39 4.0
21 40 7.0
21 41 7.0
21 42 3.0
21 43 1.0
21 44 3.0
21 45 1.0
21 46 9.0
21 47 9.0
21 48 6.0
21 49 6.0
22 23 6.0
22 24 6.0
22 25 9.0
22 26 8.0
22 27 0.0
22 28 9.0
22 29 2.0
22 30 2.0
22 31 3.0
22 32 2.0
22 33 1.0
22 34 6.0
22 35 5.0
22 36 1.0
22 37 7.0
22 38 3.0
22 39 9.0
22 40 2.0
22 41 9.0
22 42 6.0
22 43 4.0
22 44 6.0
22 45 6.0
22 46 3.0
22 47 7.0
22 48 5.0
22 49 7.0
23 24 2.0
23 25 1.0
23 26 6.0
23 27 1.0
23 28 5.0
23 29 9.0
23 30 6.0
23 31 6.0
23 32 2.0
23 33 8.0
23 34 8.0
23 35 4.0
23 36 6.0
23 37 7.0
23 38 9.0
23 39 0.0
23 40 2.0
23 41 3.0
23 42 4.0
23 43 0.0
23 44 1.0
23 45 3.0
23 46 3.0
23 47 1.0
23 48 9.0
23 49 6.0
24 25 0.0
24 26 3.0
24 27 7.0
24 28 8.0
24 29 9.0
24 30 3.0
24 31 7.0
24 32 6.0
24 33 4.0
24 34 7.0
24 35 3.0
24 36 8.0
24 37 8.0
24 38 9.0
24 39 0.0
24 40 9.0
24 41 4.0
24 42 7.0
24 43 6.0
24 44 4.0
24 45 9.0
24 46 2.0
24 47 3.0
24 48 4.0
24 49 9.0
25 26 8.0
25 27 9.0
25 28 4.0
25 29 0.0
25 30 2.0
25 31 2.0
25 32 0.0
25 33 4.0
25 34 6.0
25 35 8.0
25 36 5.0
25 37 1.0
25 38 6.0
25 39 7.0
25 40 3.0
25 41 8.0
25 42 4.0
25 43 2.0
25 44 0.0
25 45 8.0
25 46 7.0
25 47 5.0
25 48 4.0
25 49 6.0
26 27 7.0
26 28 8.0
26 29 6.0
26 30 2.0
26 31 9.0
26 32 1.0
26 33 4.0
26 34 8.0
26 35 3.0
26 36 9.0
26 37 6.0
26 38 6.0
26 39 8.0
26 40 3.0
26 41 1.0
26 42 0.0
26 43 3.0
26 44 0.0
26 45 8.0
26 46 7.0
26 47 8.0
26 48 5.0
26 49 2.0
27 28 6.0
27 29 5.0
27 30 9.0
27 31 8.0
27 32 7.0
27 33 8.0
27 34 3.0
27 35 4.0
27 36 6.0
27 37 1.0
27 38 8.0
27 39 9.0
27 40 6.0
27 41 6.0
27 42 5.0
27 43 7.0
27 44 2.0
27 45 5.0
27 46 6.0
27 47 5.0
27 48 6.0
27 49 0.0
28 29 6.0
28 30 9.0
28 31 5.0
28 32 3.0
28 33 7.0
28 34 3.0
28 35 0.0
28 36 0.0
28 37 9.0
28 38 2.0
28 39 2.0
28 40 3.0
28 41 8.0
28 42 6.0
28 43 2.0
28 44 3.0
28 45 3.0
28 46 6.0
28 47 4.0
28 48 9.0
28 49 0.0
29 30 3.0
29 31 2.0
29 32 5.0
29 33 7.0
29 34 2.0
29 35 4.0
29 36 9.0
29 37 4.0
29 38 8.0
29 39 5.0
29 40 5.0
29 41 6.0
29 42 0.0
29 43 4.0
29 44 7.0
29 45 1.0
29 46 8.0
29 47 2.0
29 48 4.0
29 49 8.0
30 31 6.0
30 32 0.0
30 33 1.0
30 34 7.0
30 35 2.0
30 36 8.0
30 37 6.0
30 38 0.0
30 39 8.0
30 40 3.0
30 41 8.0
30 42 2.0
30 43 1.0
30 44 7.0
30 45 3.0
30 46 0.0
30 47 2.0
30 48 6.0
30 49 8.0
31 32 3.0
31 33 4.0
31 34 6.0
31 35 9.0
31 36 3.0
31 37 3.0
31 38 6.0
31 39 6.0
31 40 2.0
31 41 4.0
31 42 9.0
31 43 7.0
31 44 8.0
31 45 2.0
31 46 6.0
31 47 9.0
31 48 0.0
31 49 3.0
32 33 3.0
32 34 3.0
32 35 7.0
32 36 4.0
32 37 0.0
32 38 6.0
32 39 5.0
32 40 5.0
32 41 5.0
32 42 1.0
32 43 1.0
32 44 6.0
32 45 7.0
32 46 9.0
32 47 1.0
32 48 1.0
32 49 8.0
33 34 3.0
33 35 2.0
33 36 7.0
33 37 4.0
33 38 5.0
33 39 5.0
33 40 9.0
33 41 0.0
33 42 0.0
33 43 3.0
33 44 2.0
33 45 0.0
33 46 0.0
33 47 8.0
33 48 7.0
33 49 7.0
34 35 3.0
34 36 3.0
34 37 3.0
34 38 2.0
34 39 6.0
34 40 7.0
34 41 2.0
34 42 8.0
34 43 1.0
34 44 4.0
34 45 4.0
34 46 2.0
34 47 7.0
34 48 7.0
34 49 1.0
35 36 0.0
35 37 9.0
35 38 2.0
35 39 1.0
35 40 2.0
35 41 1.0
35 42 8.0
35 43 1.0
35 44 9.0
35 45 5.0
35 46 4.0
35 47 3.0
35 48 4.0
35 49 0.0
36 37 3.0
36 38 9.0
36 39 2.0
36 40 8.0
36 41 4.0
36 42 0.0
36 43 6.0
36 44 4.0
36 45 4.0
36 46 0.0
36 47 4.0
36 48 0.0
36 49 4.0
37 38 0.0
37 39 2.0
37 40 8.0
37 41 1.0
37 42 7.0
37 43 5.0
37 44 7.0
37 45 0.0
37 46 1.0
37 47 7.0
37 48 9.0
37 49 5.0
38 39 4.0
38 40 7.0
38 41 0.0
38 42 6.0
38 43 2.0
38 44 1.0
38 45 1.0
38 46 6.0
38 47 3.0
38 48 3.0
38 49 3.0
39 40 5.0
39 41 1.0
39 42 4.0
39 43 3.0
39 44 4.0
39 45 5.0
39 46 9.0
39 47 3.0
39 48 6.0
39 49 1.0
40 41 3.0
40 42 2.0
40 43 9.0
40 44 6.0
40 45 2.0
40 46 6.0
40 47 3.0
40 48 7.0
40 49 2.0
41 42 3.0
41 43 0.0
41 44 4.0
41 45 4.0
41 46 7.0
41 47 5.0
41 48 1.0
41 49 6.0
42 43 6.0
42 44 1.0
42 45 9.0
42 46 8.0
42 47 9.0
42 48 5.0
42 49 2.0
43 44 9.0
43 45 1.0
43 46 5.0
43 47 0.0
43 48 6.0
43 49 2.0
44 45 1.0
44 46 2.0
44 47 9.0
44 48 8.0
44 49 9.0
45 46 0.0
45 47 3.0
45 48 6.0
45 49 7.0
46 47 4.0
46 48 3.0
46 49 3.0
47 48 6.0
47 49 9.0
48 49 2.0
