100 10
0 1 4.0
0 2 3.0
0 3 5.0
0 4 8.0
0 5 4.0
0 6 6.0
0 7 2.0
0 8 4.0
0 9 3.0
0 10 1.0
0 11 3.0
0 12 3.0
0 13 5.0
0 14 2.0
0 15 3.0
0 16 1.0
0 17 0.0
0 18 9.0
0 19 7.0
0 20 9.0
0 21 1.0
0 22 8.0
0 23 9.0
0 24 8.0
0 25 1.0
0 26 8.0
0 27 7.0
0 28 6.0
0 29 1.0
0 30 4.0
0 31 8.0
0 32 6.0
0 33 2.0
0 34 3.0
0 35 7.0
0 36 1.0
0 37 4.0
0 38 3.0
0 39 3.0
0 40 4.0
0 41 4.0
0 42 8.0
0 43 2.0
0 44 8.0
0 45 6.0
0 46 9.0
0 47 0.0
0 48 1.0
0 49 6.0
0 50 0.0
0 51 5.0
0 52 5.0
0 53 7.0
0 54 8.0
0 55 9.0
0 56 8.0
0 57 9.0
0 58 0.0
0 59 2.0
0 60 7.0
0 61 0.0
0 62 6.0
0 63 1.0
0 64 1.0
0 65 6.0
0 66 7.0
0 67 5.0
0 68 5.0
0 69 0.0
0 70 0.0
0 71 5.0
0 72 3.0
0 73 5.0
0 74 2.0
0 75 4.0
0 76 2.0
0 77 4.0
0 78 5.0
0 79 7.0
0 80 9.0
0 81 8.0
0 82 3.0
0 83 3.0
0 84 7.0
0 85 7.0
0 86 8.0
0 87 0.0
0 88 9.0
0 89 5.0
0 90 0.0
0 91 0.0
0 92 0.0
0 93 8.0
0 94 9.0
0 95 3.0
0 96 5.0
0 97 6.0
0 98 0.0
0 99 4.0
1 2 4.0
1 3 0.0
1 4 0.0
1 5 8.0
1 6 9.0
1 7 0.0
1 8 7.0
1 9 5.0
1 10 2.0
1 11 9.0
1 12 5.0
1 13 0.0
1 14 5.0
1 15 5.0
1 16 6.0
1 17 4.0
1 18 9.0
1 19 1.0
1 20 4.0
1 21 6.0
1 22 1.0
1 23 0.0
1 24 6.0
1 25 7.0
1 26 5.0
1 27 9.0
1 28 0.0
1 29 1.0
1 30 1.0
1 31 3.0
1 32 7.0
1 33 8.0
1 34 5.0
1 35 4.0
1 36 1.0
1 37 2.0
1 38 4.0
1 39 9.0
1 40 1.0
1 41 4.0
1 42 4.0
1 43 3.0
1 44 6.0
1 45 2.0
1 46 7.0
1 47 1.0
1 48 4.0
1 49 9.0
1 50 8.0
1 51 9.0
1 52 5.0
1 53 9.0
1 54 8.0
1 55 9.0
1 56 8.0
1 57 6.0
1 58 0.0
1 59 9.0
1 60 4.0
1 61 1.0
1 62 9.0
1 63 7.0
1 64 8.0
1 65 8.0
1 66 2.0
1 67 1.0
1 68 3.0
1 69 3.0
1 70 6.0
1 71 6.0
1 72 2.0
1 73 8.0
1 74 8.0
1 75 4.0
1 76 9.0
1 77 5.0
1 78 6.0
1 79 7.0
1 80 8.0
1 81 0.0
1 82 7.0
1 83 7.0
1 84 5.0
1 85 3.0
1 86 6.0
1 87 7.0
1 88 2.0
1 89 8.0
1 90 4.0
1 91 6.0
1 92 0.0
1 93 8.0
1 94 5.0
1 95 8.0
1 96 6.0
1 97 8.0
1 98 2.0
1 99 1.0
2 3 5.0
2 4 5.0
2 5 8.0
2 6 1.0
2 7 2.0
2 8 3.0
2 9 0.0
2 10 6.0
2 11 9.0
2 12 8.0
2 13 7.0
2 14 2.0
2 15 6.0
2 16 2.0
2 17 8.0
2 18 7.0
2 19 0.0
2 20 5.0
2 21 2.0
2 22 8.0
2 23 9.0
2 24 4.0
2 25 3.0
2 26 8.0
2 27 0.0
2 28 4.0
2 29 5.0
2 30 1.0
2 31 7.0
2 32 7.0
2 33 7.0
2 34 4.0
2 35 4.0
2 36 7.0
2 37 5.0
2 38 5.0
2 39 1.0
2 40 8.0
2 41 0.0
2 42 5.0
2 43 6.0
2 44 8.0
2 45 8.0
2 46 8.0
2 47 5.0
2 48 1.0
2 49 6.0
2 50 5.0
2 51 7.0
2 52 5.0
2 53 7.0
2 54 0.0
2 55 9.0
2 56 7.0
2 57 6.0
2 58 7.0
2 59 4.0
2 60 9.0
2 61 2.0
2 62 0.0
2 63 6.0
2 64 8.0
2 65 1.0
2 66 5.0
2 67 5.0
2 68 1.0
2 69 5.0
2 70 6.0
2 71 9.0
2 72 0.0
2 73 6.0
2 74 6.0
2 75 5.0
2 76 6.0
2 77 3.0
2 78 5.0
2 79 5.0
2 80 8.0
2 81 3.0
2 82 3.0
2 83 5.0
2 84 5.0
2 85 9.0
2 86 5.0
2 87 3.0
2 88 6.0
2 89 6.0
2 90 7.0
2 91 5.0
2 92 3.0
2 93 5.0
2 94 9.0
2 95 7.0
2 96 1.0
2 97 4.0
2 98 3.0
2 99 8.0
3 4 9.0
3 5 6.0
3 6 7.0
3 7 9.0
3 8 8.0
3 9 9.0
3 10 2.0
3 11 2.0
3 12 3.0
3 13 0.0
3 14 9.0
3 15 0.0
3 16 5.0
3 17 5.0
3 18 5.0
3 19 9.0
3 20 5.0
3 21 7.0
3 22 9.0
3 23 1.0
3 24 2.0
3 25 5.0
3 26 2.0
3 27 4.0
3 28 9.0
3 29 6.0
3 30 0.0
3 31 9.0
3 32 3.0
3 33 3.0
3 34 1.0
3 35 2.0
3 36 7.0
3 37 5.0
3 38 2.0
3 39 3.0
3 40 5.0
3 41 1.0
3 42 5.0
3 43 4.0
3 44 3.0
3 45 2.0
3 46 4.0
3 47 0.0
3 48 6.0
3 49 4.0
3 50 5.0
3 51 8.0
3 52 9.0
3 53 1.0
3 54 1.0
3 55 7.0
3 56 7.0
3 57 2.0
3 58 4.0
3 59 2.0
3 60 7.0
3 61 7.0
3 62 8.0
3 63 8.0
3 64 1.0
3 65 0.0
3 66 6.0
3 67 5.0
3 68 9.0
3 69 8.0
3 70 9.0
3 71 6.0
3 72 8.0
3 73 7.0
3 74 6.0
3 75 9.0
3 76 9.0
3 77 0.0
3 78 3.0
3 79 6.0
3 80 8.0
3 81 4.0
3 82 9.0
3 83 5.0
3 84 0.0
3 85 5.0
3 86 8.0
3 87 4.0
3 88 4.0
3 89 4.0
3 90 6.0
3 91 0.0
3 92 4.0
3 93 9.0
3 94 7.0
3 95 6.0
3 96 8.0
3 97 9.0
3 98 8.0
3 99 6.0
4 5 4.0
4 6 3.0
4 7 5.0
4 8 6.0
4 9 3.0
4 10 4.0
4 11 1.0
4 12 0.0
4 13 5.0
4 14 6.0
4 15 7.0
4 16 0.0
4 17 5.0
4 18 5.0
4 19 1.0
4 20 1.0
4 21 8.0
4 22 8.0
4 23 8.0
4 24 0.0
4 25 4.0
4 26 9.0
4 27 6.0
4 28 4.0
4 29 0.0
4 30 8.0
4 31 7.0
4 32 3.0
4 33 3.0
4 34 8.0
4 35 3.0
4 36 1.0
4 37 6.0
4 38 7.0
4 39 5.0
4 40 4.0
4 41 7.0
4 42 8.0
4 43 1.0
4 44 3.0
4 45 9.0
4 46 6.0
4 47 6.0
4 48 5.0
4 49 3.0
4 50 2.0
4 51 1.0
4 52 2.0
4 53 5.0
4 54 6.0
4 55 1.0
4 56 2.0
4 57 9.0
4 58 7.0
4 59 4.0
4 60 8.0
4 61 3.0
4 62 4.0
4 63 3.0
4 64 3.0
4 65 2.0
4 66 2.0
4 67 6.0
4 68 9.0
4 69 1.0
4 70 7.0
4 71 4.0
4 72 0.0
4 73 5.0
4 74 8.0
4 75 5.0
4 76 0.0
4 77 3.0
4 78 9.0
4 79 3.0
4 80 7.0
4 81 9.0
4 82 4.0
4 83 1.0
4 84 6.0
4 85 3.0
4 86 4.0
4 87 5.0
4 88 7.0
4 89 2.0
4 90 3.0
4 91 5.0
4 92 9.0
4 93 6.0
4 94 0.0
4 95 7.0
4 96 0.0
4 97 6.0
4 98 8.0
4 99 8.0
5 6 5.0
5 7 7.0
5 8 3.0
5 9 5.0
5 10 0.0
5 11 4.0
5 12 8.0
5 13 5.0
5 14 8.0
5 15 0.0
5 16 2.0
5 17 3.0
5 18 8.0
5 19 2.0
5 20 8.0
5 21 7.0
5 22 0.0
5 23 0.0
5 24 5.0
5 25 0.0
5 26 5.0
5 27 0.0
5 28 0.0
5 29 4.0
5 30 0.0
5 31 9.0
5 32 5.0
5 33 6.0
5 34 2.0
5 35 7.0
5 36 9.0
5 37 0.0
5 38 8.0
5 39 6.0
5 40 3.0
5 41 5.0
5 42 2.0
5 43 9.0
5 44 9.0
5 45 8.0
5 46 4.0
5 47 8.0
5 48 7.0
5 49 9.0
5 50 8.0
5 51 8.0
5 52 8.0
5 53 4.0
5 54 5.0
5 55 8.0
5 56 5.0
5 57 5.0
5 58 4.0
5 59 0.0
5 60 8.0
5 61 9.0
5 62 8.0
5 63 0.0
5 64 9.0
5 65 0.0
5 66 9.0
5 67 7.0
5 68 3.0
5 69 9.0
5 70 3.0
5 71 7.0
5 72 4.0
5 73 7.0
5 74 4.0
5 75 8.0
5 76 0.0
5 77 7.0
5 78 5.0
5 79 5.0
5 80 8.0
5 81 1.0
5 82 2.0
5 83 3.0
5 84 0.0
5 85 2.0
5 86 6.0
5 87 0.0
5 88 0.0
5 89 2.0
5 90 8.0
5 91 5.0
5 92 9.0
5 93 5.0
5 94 3.0
5 95 9.0
5 96 4.0
5 97 3.0
5 98 1.0
5 99 6.0
6 7 4.0
6 8 3.0
6 9 3.0
6 10 4.0
6 11 2.0
6 12 8.0
6 13 0.0
6 14 8.0
6 15 6.0
6 16 1.0
6 17 0.0
6 18 1.0
6 19 5.0
6 20 3.0
6 21 2.0
6 22 3.0
6 23 4.0
6 24 3.0
6 25 5.0
6 26 8.0
6 27 4.0
6 28 9.0
6 29 7.0
6 30 8.0
6 31 4.0
6 32 7.0
6 33 4.0
6 34 0.0
6 35 7.0
6 36 3.0
6 37 8.0
6 38 4.0
6 39 7.0
6 40 5.0
6 41 7.0
6 42 1.0
6 43 0.0
6 44 9.0
6 45 4.0
6 46 8.0
6 47 2.0
6 48 7.0
6 49 6.0
6 50 0.0
6 51 1.0
6 52 7.0
6 53 9.0
6 54 9.0
6 55 5.0
6 56 4.0
6 57 5.0
6 58 8.0
6 59 4.0
6 60 3.0
6 61 1.0
6 62 6.0
6 63 0.0
6 64 2.0
6 65 7.0
6 66 1.0
6 67 1.0
6 68 2.0
6 69 2.0
6 70 2.0
6 71 1.0
6 72 2.0
6 73 6.0
6 74 8.0
6 75 1.0
6 76 2.0
6 77 8.0
6 78 1.0
6 79 8.0
6 80 3.0
6 81 8.0
6 82 7.0
6 83 7.0
6 84 2.0
6 85 9.0
6 86 2.0
6 87 6.0
6 88 6.0
6 89 1.0
6 90 8.0
6 91 0.0
6 92 0.0
6 93 6.0
6 94 7.0
6 95 5.0
6 96 9.0
6 97 6.0
6 98 8.0
6 99 6.0
7 8 1.0
7 9 7.0
7 10 0.0
7 11 9.0
7 12 2.0
7 13 9.0
7 14 1.0
7 15 3.0
7 16 5.0
7 17 4.0
7 18 8.0
7 19 6.0
7 20 7.0
7 21 0.0
7 22 7.0
7 23 9.0
7 24 0.0
7 25 8.0
7 26 4.0
7 27 8.0
7 28 7.0
7 29 6.0
7 30 4.0
7 31 2.0
7 32 8.0
7 33 2.0
7 34 6.0
7 35 4.0
7 36 6.0
7 37 8.0
7 38 4.0
7 39 8.0
7 40 6.0
7 41 6.0
7 42 7.0
7 43 3.0
7 44 0.0
7 45 3.0
7 46 5.0
7 47 0.0
7 48 6.0
7 49 6.0
7 50 2.0
7 51 0.0
7 52 2.0
7 53 8.0
7 54 0.0
7 55 1.0
7 56 9.0
7 57 0.0
7 58 3.0
7 59 0.0
7 60 8.0
7 61 4.0
7 62 1.0
7 63 0.0
7 64 0.0
7 65 1.0
7 66 6.0
7 67 4.0
7 68 7.0
7 69 1.0
7 70 3.0
7 71 2.0
7 72 2.0
7 73 9.0
7 74 2.0
7 75 1.0
7 76 7.0
7 77 3.0
7 78 6.0
7 79 2.0
7 80 8.0
7 81 2.0
7 82 7.0
7 83 1.0
7 84 9.0
7 85 3.0
7 86 7.0
7 87 6.0
7 88 6.0
7 89 4.0
7 90 8.0
7 91 7.0
7 92 6.0
7 93 5.0
7 94 1.0
7 95 0.0
7 96 8.0
7 97 2.0
7 98 2.0
7 99 1.0
8 9 1.0
8 10 1.0
8 11 5.0
8 12 6.0
8 13 7.0
8 14 5.0
8 15 6.0
8 16 6.0
8 17 7.0
8 18 5.0
8 19 6.0
8 20 2.0
8 21 8.0
8 22 2.0
8 23 2.0
8 24 5.0
8 25 3.0
8 26 0.0
8 27 9.0
8 28 1.0
8 29 3.0
8 30 2.0
8 31 9.0
8 32 0.0
8 33 4.0
8 34 4.0
8 35 2.0
8 36 4.0
8 37 0.0
8 38 2.0
8 39 7.0
8 40 4.0
8 41 7.0
8 42 1.0
8 43 2.0
8 44 0.0
8 45 5.0
8 46 7.0
8 47 8.0
8 48 0.0
8 49 1.0
8 50 4.0
8 51 1.0
8 52 6.0
8 53 7.0
8 54 0.0
8 55 2.0
8 56 1.0
8 57 5.0
8 58 6.0
8 59 0.0
8 60 2.0
8 61 0.0
8 62 9.0
8 63 2.0
8 64 0.0
8 65 1.0
8 66 8.0
8 67 8.0
8 68 1.0
8 69 3.0
8 70 3.0
8 71 9.0
8 72 3.0
8 73 2.0
8 74 4.0
8 75 6.0
8 76 1.0
8 77 5.0
8 78 3.0
8 79 0.0
8 80 0.0
8 81 0.0
8 82 0.0
8 83 5.0
8 84 6.0
8 85 7.0
8 86 1.0
8 87 6.0
8 88 2.0
8 89 1.0
8 90 5.0
8 91 3.0
8 92 1.0
8 93 2.0
8 94 2.0
8 95 1.0
8 96 7.0
8 97 3.0
8 98 2.0
8 99 7.0
9 10 9.0
9 11 5.0
9 12 0.0
9 13 9.0
9 14 6.0
9 15 1.0
9 16 1.0
9 17 8.0
9 18 7.0
9 19 5.0
9 20 2.0
9 21 5.0
9 22 3.0
9 23 8.0
9 24 0.0
9 25 0.0
9 26 8.0
9 27 6.0
9 28 5.0
9 29 5.0
9 30 2.0
9 31 4.0
9 32 6.0
9 33 1.0
9 34 4.0
9 35 3.0
9 36 5.0
9 37 1.0
9 38 6.0
9 39 0.0
9 40 5.0
9 41 8.0
9 42 6.0
9 43 6.0
9 44 3.0
9 45 8.0
9 46 9.0
9 47 2.0
9 48 3.0
9 49 0.0
9 50 8.0
9 51 1.0
9 52 5.0
9 53 0.0
9 54 9.0
9 55 4.0
9 56 8.0
9 57 7.0
9 58 2.0
9 59 0.0
9 60 1.0
9 61 1.0
9 62 9.0
9 63 0.0
9 64 0.0
9 65 4.0
9 66 4.0
9 67 7.0
9 68 8.0
9 69 8.0
9 70 8.0
9 71 1.0
9 72 7.0
9 73 5.0
9 74 1.0
9 75 9.0
9 76 9.0
9 77 3.0
9 78 0.0
9 79 2.0
9 80 8.0
9 81 8.0
9 82 4.0
9 83 1.0
9 84 2.0
9 85 5.0
9 86 5.0
9 87 5.0
9 88 1.0
9 89 8.0
9 90 2.0
9 91 0.0
9 92 2.0
9 93 9.0
9 94 8.0
9 95 4.0
9 96 0.0
9 97 0.0
9 98 6.0
9 99 5.0
10 11 7.0
10 12 1.0
10 13 7.0
10 14 4.0
10 15 2.0
10 16 0.0
10 17 8.0
10 18 0.0
10 19 6.0
10 20 7.0
10 21 3.0
10 22 4.0
10 23 0.0
10 24 4.0
10 25 1.0
10 26 5.0
10 27 1.0
10 28 7.0
10 29 3.0
10 30 5.0
10 31 4.0
10 32 9.0
10 33 7.0
10 34 2.0
10 35 2.0
10 36 2.0
10 37 2.0
10 38 5.0
10 39 6.0
10 40 9.0
10 41 4.0
10 42 7.0
10 43 2.0
10 44 9.0
10 45 1.0
10 46 3.0
10 47 9.0
10 48 1.0
10 49 7.0
10 50 5.0
10 51 7.0
10 52 4.0
10 53 7.0
10 54 2.0
10 55 8.0
10 56 3.0
10 57 5.0
10 58 2.0
10 59 2.0
10 60 6.0
10 61 2.0
10 62 7.0
10 63 6.0
10 64 8.0
10 65 5.0
10 66 2.0
10 67 6.0
10 68 1.0
10 69 9.0
10 70 3.0
10 71 9.0
10 72 1.0
10 73 4.0
10 74 1.0
10 75 1.0
10 76 5.0
10 77 3.0
10 78 2.0
10 79 1.0
10 80 2.0
10 81 0.0
10 82 9.0
10 83 0.0
10 84 9.0
10 85 3.0
10 86 9.0
10 87 4.0
10 88 5.0
10 89 7.0
10 90 1.0
10 91 5.0
10 92 7.0
10 93 7.0
10 94 0.0
10 95 8.0
10 96 5.0
10 97 8.0
10 98 5.0
10 99 9.0
11 12 5.0
11 13 8.0
11 14 3.0
11 15 3.0
11 16 3.0
11 17 0.0
11 18 1.0
11 19 2.0
11 20 3.0
11 21 6.0
11 22 8.0
11 23 5.0
11 24 8.0
11 25 7.0
11 26 6.0
11 27 7.0
11 28 3.0
11 29 5.0
11 30 4.0
11 31 0.0
11 32 7.0
11 33 7.0
11 34 2.0
11 35 4.0
11 36 2.0
11 37 4.0
11 38 8.0
11 39 9.0
11 40 1.0
11 41 5.0
11 42 5.0
11 43 1.0
11 44 8.0
11 45 0.0
11 46 4.0
11 47 7.0
11 48 3.0
11 49 3.0
11 50 0.0
11 51 7.0
11 52 8.0
11 53 7.0
11 54 4.0
11 55 1.0
11 56 7.0
11 57 8.0
11 58 2.0
11 59 0.0
11 60 9.0
11 61 7.0
11 62 5.0
11 63 7.0
11 64 0.0
11 65 1.0
11 66 7.0
11 67 9.0
11 68 3.0
11 69 1.0
11 70 4.0
11 71 6.0
11 72 8.0
11 73 2.0
11 74 6.0
11 75 0.0
11 76 3.0
11 77 3.0
11 78 3.0
11 79 2.0
11 80 1.0
11 81 6.0
11 82 3.0
11 83 2.0
11 84 2.0
11 85 6.0
11 86 1.0
11 87 4.0
11 88 7.0
11 89 6.0
11 90 7.0
11 91 5.0
11 92 6.0
11 93 5.0
11 94 6.0
11 95 1.0
11 96 9.0
11 97 2.0
11 98 0.0
11 99 3.0
12 13 3.0
12 14 9.0
12 15 1.0
12 16 2.0
12 17 0.0
12 18 1.0
12 19 5.0
12 20 0.0
12 21 9.0
12 22 5.0
12 23 0.0
12 24 4.0
12 25 3.0
12 26 3.0
12 27 3.0
12 28 8.0
12 29 1.0
12 30 1.0
12 31 7.0
12 32 8.0
12 33 2.0
12 34 1.0
12 35 8.0
12 36 6.0
12 37 8.0
12 38 3.0
12 39 4.0
12 40 3.0
12 41 9.0
12 42 2.0
12 43 7.0
12 44 3.0
12 45 0.0
12 46 5.0
12 47 8.0
12 48 6.0
12 49 7.0
12 50 5.0
12 51 6.0
12 52 3.0
12 53 9.0
12 54 9.0
12 55 6.0
12 56 7.0
12 57 8.0
12 58 9.0
12 59 4.0
12 60 0.0
12 61 1.0
12 62 9.0
12 63 3.0
12 64 2.0
12 65 2.0
12 66 3.0
12 67 9.0
12 68 9.0
12 69 6.0
12 70 5.0
12 71 1.0
12 72 1.0
12 73 6.0
12 74 7.0
12 75 1.0
12 76 1.0
12 77 3.0
12 78 9.0
12 79 4.0
12 80 3.0
12 81 1.0
12 82 9.0
12 83 7.0
12 84 3.0
12 85 8.0
12 86 4.0
12 87 0.0
12 88 8.0
12 89 0.0
12 90 4.0
12 91 5.0
12 92 4.0
12 93 2.0
12 94 5.0
12 95 6.0
12 96 6.0
12 97 9.0
12 98 7.0
12 99 4.0
13 14 0.0
13 15 9.0
13 16 0.0
13 17 7.0
13 18 5.0
13 19 1.0
13 20 9.0
13 21 5.0
13 22 4.0
13 23 2.0
13 24 8.0
13 25 3.0
13 26 6.0
13 27 1.0
13 28 9.0
13 29 3.0
13 30 4.0
13 31 2.0
13 32 2.0
13 33 8.0
13 34 7.0
13 35 4.0
13 36 4.0
13 37 3.0
13 38 9.0
13 39 7.0
13 40 7.0
13 41 4.0
13 42 7.0
13 43 3.0
13 44 3.0
13 45 0.0
13 46 7.0
13 47 0.0
13 48 4.0
13 49 8.0
13 50 4.0
13 51 6.0
13 52 6.0
13 53 4.0
13 54 9.0
13 55 0.0
13 56 3.0
13 57 1.0
13 58 6.0
13 59 7.0
13 60 1.0
13 61 4.0
13 62 1.0
13 63 0.0
13 64 2.0
13 65 1.0
13 66 2.0
13 67 5.0
13 68 2.0
13 69 0.0
13 70 0.0
13 71 4.0
13 72 3.0
13 73 4.0
13 74 2.0
13 75 9.0
13 76 1.0
13 77 5.0
13 78 2.0
13 79 6.0
13 80 6.0
13 81 4.0
13 82 2.0
13 83 3.0
13 84 0.0
13 85 8.0
13 86 8.0
13 87 0.0
13 88 8.0
13 89 9.0
13 90 2.0
13 91 8.0
13 92 8.0
13 93 0.0
13 94 1.0
13 95 2.0
13 96 6.0
13 97 4.0
13 98 0.0
13 99 4.0
14 15 6.0
14 16 0.0
14 17 3.0
14 18 0.0
14 19 0.0
14 20 5.0
14 21 8.0
14 22 7.0
14 23 4.0
14 24 3.0
14 25 8.0
14 26 1.0
14 27 7.0
14 28 2.0
14 29 1.0
14 30 4.0
14 31 2.0
14 32 1.0
14 33 6.0
14 34 6.0
14 35 5.0
14 36 2.0
14 37 0.0
14 38 3.0
14 39 3.0
14 40 1.0
14 41 6.0
14 42 4.0
14 43 6.0
14 44 8.0
14 45 7.0
14 46 2.0
14 47 1.0
14 48 3.0
14 49 3.0
14 50 2.0
14 51 9.0
14 52 7.0
14 53 4.0
14 54 7.0
14 55 3.0
14 56 5.0
14 57 9.0
14 58 2.0
14 59 3.0
14 60 8.0
14 61 6.0
14 62 6.0
14 63 0.0
14 64 5.0
14 65 5.0
14 66 7.0
14 67 9.0
14 68 3.0
14 69 7.0
14 70 9.0
14 71 0.0
14 72 2.0
14 73 9.0
14 74 2.0
14 75 8.0
14 76 9.0
14 77 6.0
14 78 5.0
14 79 1.0
14 80 9.0
14 81 0.0
14 82 9.0
14 83 0.0
14 84 5.0
14 85 9.0
14 86 2.0
14 87 8.0
14 88 1.0
14 89 2.0
14 90 1.0
14 91 1.0
14 92 8.0
14 93 2.0
14 94 9.0
14 95 8.0
14 96 1.0
14 97 1.0
14 98 4.0
14 99 7.0
15 16 8.0
15 17 1.0
15 18 6.0
15 19 7.0
15 20 9.0
15 21 0.0
15 22 0.0
15 23 9.0
15 24 5.0
15 25 7.0
15 26 0.0
15 27 0.0
15 28 1.0
15 29 4.0
15 30 8.0
15 31 4.0
15 32 0.0
15 33 0.0
15 34 0.0
15 35 7.0
15 36 3.0
15 37 9.0
15 38 2.0
15 39 4.0
15 40 9.0
15 41 5.0
15 42 6.0
15 43 4.0
15 44 2.0
15 45 8.0
15 46 2.0
15 47 5.0
15 48 8.0
15 49 5.0
15 50 3.0
15 51 1.0
15 52 4.0
15 53 4.0
15 54 5.0
15 55 2.0
15 56 2.0
15 57 9.0
15 58 3.0
15 59 6.0
15 60 6.0
15 61 9.0
15 62 1.0
15 63 0.0
15 64 0.0
15 65 0.0
15 66 6.0
15 67 3.0
15 68 6.0
15 69 3.0
15 70 3.0
15 71 2.0
15 72 0.0
15 73 1.0
15 74 6.0
15 75 3.0
15 76 3.0
15 77 0.0
15 78 4.0
15 79 6.0
15 80 2.0
15 81 7.0
15 82 4.0
15 83 2.0
15 84 8.0
15 85 1.0
15 86 5.0
15 87 4.0
15 88 0.0
15 89 0.0
15 90 8.0
15 91 5.0
15 92 2.0
15 93 5.0
15 94 3.0
15 95 8.0
15 96 6.0
15 97 0.0
15 98 3.0
15 99 9.0
16 17 8.0
16 18 0.0
16 19 6.0
16 20 3.0
16 21 1.0
16 22 9.0
16 23 6.0
16 24 6.0
16 25 8.0
16 26 7.0
16 27 2.0
16 28 8.0
16 29 4.0
16 30 6.0
16 31 6.0
16 32 0.0
16 33 9.0
16 34 2.0
16 35 3.0
16 36 0.0
16 37 8.0
16 38 1.0
16 39 6.0
16 40 6.0
16 41 2.0
16 42 4.0
16 43 5.0
16 44 3.0
16 45 9.0
16 46 2.0
16 47 8.0
16 48 1.0
16 49 7.0
16 50 1.0
16 51 2.0
16 52 8.0
16 53 7.0
16 54 9.0
16 55 7.0
16 56 1.0
16 57 7.0
16 58 1.0
16 59 9.0
16 60 5.0
16 61 7.0
16 62 9.0
16 63 6.0
16 64 6.0
16 65 2.0
16 66 5.0
16 67 8.0
16 68 6.0
16 69 1.0
16 70 1.0
16 71 7.0
16 72 2.0
16 73 3.0
16 74 8.0
16 75 0.0
16 76 3.0
16 77 3.0
16 78 5.0
16 79 8.0
16 80 9.0
16 81 7.0
16 82 7.0
16 83 9.0
16 84 4.0
16 85 1.0
16 86 3.0
16 87 3.0
16 88 1.0
16 89 2.0
16 90 0.0
16 91 9.0
16 92 5.0
16 93 6.0
16 94 7.0
16 95 0.0
16 96 1.0
16 97 5.0
16 98 2.0
16 99 2.0
17 18 7.0
17 19 7.0
17 20 3.0
17 21 2.0
17 22 4.0
17 23 0.0
17 24 5.0
17 25 3.0
17 26 4.0
17 27 7.0
17 28 1.0
17 29 5.0
17 30 4.0
17 31 9.0
17 32 4.0
17 33 0.0
17 34 9.0
17 35 6.0
17 36 8.0
17 37 7.0
17 38 4.0
17 39 9.0
17 40 4.0
17 41 0.0
17 42 0.0
17 43 2.0
17 44 5.0
17 45 3.0
17 46 5.0
17 47 0.0
17 48 1.0
17 49 2.0
17 50 5.0
17 51 3.0
17 52 6.0
17 53 0.0
17 54 2.0
17 55 3.0
17 56 5.0
17 57 8.0
17 58 2.0
17 59 0.0
17 60 3.0
17 61 7.0
17 62 2.0
17 63 7.0
17 64 8.0
17 65 4.0
17 66 5.0
17 67 0.0
17 68 4.0
17 69 5.0
17 70 6.0
17 71 3.0
17 72 3.0
17 73 6.0
17 74 2.0
17 75 3.0
17 76 2.0
17 77 4.0
17 78 6.0
17 79 7.0
17 80 2.0
17 81 6.0
17 82 3.0
17 83 3.0
17 84 3.0
17 85 5.0
17 86 5.0
17 87 2.0
17 88 6.0
17 89 0.0
17 90 1.0
17 91 6.0
17 92 1.0
17 93 5.0
17 94 5.0
17 95 5.0
17 96 9.0
17 97 6.0
17 98 1.0
17 99 6.0
18 19 6.0
18 20 7.0
18 21 2.0
18 22 3.0
18 23 5.0
18 24 9.0
18 25 5.0
18 26 2.0
18 27 1.0
18 28 9.0
18 29 7.0
18 30 0.0
18 31 9.0
18 32 4.0
18 33 2.0
18 34 4.0
18 35 7.0
18 36 1.0
18 37 9.0
18 38 5.0
18 39 6.0
18 40 2.0
18 41 3.0
18 42 6.0
18 43 4.0
18 44 0.0
18 45 8.0
18 46 0.0
18 47 3.0
18 48 9.0
18 49 2.0
18 50 5.0
18 51 0.0
18 52 4.0
18 53 6.0
18 54 7.0
18 55 4.0
18 56 8.0
18 57 9.0
18 58 8.0
18 59 9.0
18 60 8.0
18 61 8.0
18 62 4.0
18 63 8.0
18 64 9.0
18 65 2.0
18 66 1.0
18 67 1.0
18 68 3.0
18 69 8.0
18 70 3.0
18 71 1.0
18 72 1.0
18 73 5.0
18 74 7.0
18 75 2.0
18 76 3.0
18 77 4.0
18 78 0.0
18 79 4.0
18 80 3.0
18 81 2.0
18 82 9.0
18 83 1.0
18 84 0.0
18 85 3.0
18 86 3.0
18 87 6.0
18 88 7.0
18 89 0.0
18 90 5.0
18 91 7.0
18 92 3.0
18 93 5.0
18 94 5.0
18 95 9.0
18 96 4.0
18 97 8.0
18 98 5.0
18 99 2.0
19 20 3.0
19 21 5.0
19 22 2.0
19 23 0.0
19 24 0.0
19 25 2.0
19 26 2.0
19 27 2.0
19 28 8.0
19 29 7.0
19 30 0.0
19 31 0.0
19 32 1.0
19 33 2.0
19 34 7.0
19 35 1.0
19 36 2.0
19 37 6.0
19 38 7.0
19 39 6.0
19 40 3.0
19 41 7.0
19 42 8.0
19 43 8.0
19 44 2.0
19 45 3.0
19 46 2.0
19 47 6.0
19 48 5.0
19 49 4.0
19 50 3.0
19 51 5.0
19 52 7.0
19 53 9.0
19 54 6.0
19 55 3.0
19 56 3.0
19 57 6.0
19 58 4.0
19 59 8.0
19 60 8.0
19 61 5.0
19 62 2.0
19 63 6.0
19 64 2.0
19 65 3.0
19 66 6.0
19 67 1.0
19 68 5.0
19 69 8.0
19 70 7.0
19 71 4.0
19 72 3.0
19 73 0.0
19 74 6.0
19 75 5.0
19 76 6.0
19 77 5.0
19 78 1.0
19 79 5.0
19 80 1.0
19 81 4.0
19 82 1.0
19 83 7.0
19 84 7.0
19 85 4.0
19 86 8.0
19 87 3.0
19 88 1.0
19 89 7.0
19 90 5.0
19 91 3.0
19 92 9.0
19 93 8.0
19 94 2.0
19 95 5.0
19 96 6.0
19 97 3.0
19 98 8.0
19 99 6.0
20 21 5.0
20 22 6.0
20 23 8.0
20 24 9.0
20 25 2.0
20 26 4.0
20 27 5.0
20 28 0.0
20 29 7.0
20 30 5.0
20 31 6.0
20 32 8.0
20 33 5.0
20 34 8.0
20 35 7.0
20 36 2.0
20 37 9.0
20 38 0.0
20 39 2.0
20 40 7.0
20 41 1.0
20 42 1.0
20 43 3.0
20 44 0.0
20 45 9.0
20 46 1.0
20 47 4.0
20 48 7.0
20 49 6.0
20 50 1.0
20 51 0.0
20 52 3.0
20 53 8.0
20 54 3.0
20 55 0.0
20 56 8.0
20 57 3.0
20 58 2.0
20 59 8.0
20 60 8.0
20 61 1.0
20 62 7.0
20 63 4.0
20 64 0.0
20 65 6.0
20 66 4.0
20 67 4.0
20 68 1.0
20 69 7.0
20 70 2.0
20 71 4.0
20 72 3.0
20 73 8.0
20 74 2.0
20 75 1.0
20 76 8.0
20 77 6.0
20 78 1.0
20 79 0.0
20 80 5.0
20 81 4.0
20 82 5.0
20 83 5.0
20 84 5.0
20 85 5.0
20 86 1.0
20 87 7.0
20 88 3.0
20 89 8.0
20 90 0.0
20 91 2.0
20 92 9.0
20 93 8.0
20 94 6.0
20 95 5.0
20 96 3.0
20 97 7.0
20 98 0.0
20 99 2.0
21 22 8.0
21 23 9.0
21 24 0.0
21 25 5.0
21 26 0.0
21 27 9.0
21 28 6.0
21 29 4.0
21 30 6.0
21 31 0.0
21 32 2.0
21 33 3.0
21 34 5.0
21 35 1.0
21 36 5.0
21 37 9.0
21 38 5.0
21 39 0.0
21 40 2.0
21 41 2.0
21 42 5.0
21 43 0.0
21 44 8.0
21 45 5.0
21 46 6.0
21 47 5.0
21 48 8.0
21 49 3.0
21 50 0.0
21 51 3.0
21 52 9.0
21 53 9.0
21 54 6.0
21 55 6.0
21 56 5.0
21 57 7.0
21 58 7.0
21 59 1.0
21 60 8.0
21 61 3.0
21 62 5.0
21 63 5.0
21 64 0.0
21 65 8.0
21 66 2.0
21 67 5.0
21 68 1.0
21 69 9.0
21 70 2.0
21 71 1.0
21 72 6.0
21 73 9.0
21 74 5.0
21 75 8.0
21 76 9.0
21 77 8.0
21 78 1.0
21 79 4.0
21 80 0.0
21 81 4.0
21 82 3.0
21 83 0.0
21 84 6.0
21 85 5.0
21 86 1.0
21 87 0.0
21 88 5.0
21 89 4.0
21 90 2.0
21 91 0.0
21 92 8.0
21 93 3.0
21 94 4.0
21 95 2.0
21 96 4.0
21 97 3.0
21 98 2.0
21 99 0.0
22 23 3.0
22 24 2.0
22 25 9.0
22 26 4.0
22 27 7.0
22 28 0.0
22 29 3.0
22 30 8.0
22 31 8.0
22 32 4.0
22 33 1.0
22 34 5.0
22 35 4.0
22 36 7.0
22 37 9.0
22 38 3.0
22 39 5.0
22 40 1.0
22 41 4.0
22 42 3.0
22 43 6.0
22 44 1.0
22 45 1.0
22 46 1.0
22 47 1.0
22 48 4.0
22 49 4.0
22 50 1.0
22 51 3.0
22 52 1.0
22 53 0.0
22 54 7.0
22 55 3.0
22 56 9.0
22 57 3.0
22 58 7.0
22 59 5.0
22 60 8.0
22 61 1.0
22 62 5.0
22 63 3.0
22 64 9.0
22 65 1.0
22 66 2.0
22 67 2.0
22 68 2.0
22 69 0.0
22 70 7.0
22 71 2.0
22 72 2.0
22 73 8.0
22 74 2.0
22 75 3.0
22 76 2.0
22 77 0.0
22 78 9.0
22 79 8.0
22 80 3.0
22 81 8.0
22 82 6.0
22 83 3.0
22 84 9.0
22 85 4.0
22 86 0.0
22 87 8.0
22 88 4.0
22 89 4.0
22 90 4.0
22 91 0.0
22 92 0.0
22 93 3.0
22 94 1.0
22 95 9.0
22 96 4.0
22 97 8.0
22 98 3.0
22 99 5.0
23 24 7.0
23 25 6.0
23 26 5.0
23 27 5.0
23 28 7.0
23 29 8.0
23 30 4.0
23 31 8.0
23 32 3.0
23 33 1.0
23 34 8.0
23 35 1.0
23 36 6.0
23 37 8.0
23 38 2.0
23 39 2.0
23 40 4.0
23 41 0.0
23 42 8.0
23 43 7.0
23 44 2.0
23 45 7.0
23 46 2.0
23 47 5.0
23 48 1.0
23 49 5.0
23 50 1.0
23 51 1.0
23 52 8.0
23 53 3.0
23 54 6.0
23 55 8.0
23 56 7.0
23 57 3.0
23 58 4.0
23 59 0.0
23 60 0.0
23 61 7.0
23 62 9.0
23 63 2.0
23 64 4.0
23 65 2.0
23 66 4.0
23 67 1.0
23 68 6.0
23 69 5.0
23 70 5.0
23 71 8.0
23 72 0.0
23 73 4.0
23 74 7.0
23 75 4.0
23 76 8.0
23 77 8.0
23 78 5.0
23 79 4.0
23 80 3.0
23 81 3.0
23 82 3.0
23 83 7.0
23 84 3.0
23 85 7.0
23 86 5.0
23 87 5.0
23 88 8.0
23 89 6.0
23 90 2.0
23 91 3.0
23 92 2.0
23 93 4.0
23 94 4.0
23 95 6.0
23 96 2.0
23 97 3.0
23 98 4.0
23 99 0.0
24 25 8.0
24 26 5.0
24 27 2.0
24 28 2.0
24 29 3.0
24 30 0.0
24 31 3.0
24 32 9.0
24 33 0.0
24 34 6.0
24 35 3.0
24 36 7.0
24 37 7.0
24 38 1.0
24 39 5.0
24 40 5.0
24 41 2.0
24 42 9.0
24 43 9.0
24 44 0.0
24 45 0.0
24 46 6.0
24 47 4.0
24 48 3.0
24 49 0.0
24 50 0.0
24 51 5.0
24 52 8.0
24 53 2.0
24 54 8.0
24 55 4.0
24 56 7.0
24 57 4.0
24 58 7.0
24 59 7.0
24 60 1.0
24 61 1.0
24 62 2.0
24 63 9.0
24 64 4.0
24 65 3.0
24 66 7.0
24 67 2.0
24 68 7.0
24 69 9.0
24 70 0.0
24 71 6.0
24 72 2.0
24 73 8.0
24 74 6.0
24 75 6.0
24 76 8.0
24 77 3.0
24 78 5.0
24 79 0.0
24 80 3.0
24 81 8.0
24 82 2.0
24 83 0.0
24 84 4.0
24 85 3.0
24 86 7.0
24 87 5.0
24 88 1.0
24 89 5.0
24 90 3.0
24 91 5.0
24 92 9.0
24 93 7.0
24 94 6.0
24 95 1.0
24 96 1.0
24 97 4.0
24 98 8.0
24 99 8.0
25 26 2.0
25 27 2.0
25 28 1.0
25 29 8.0
25 30 7.0
25 31 2.0
25 32 7.0
25 33 8.0
25 34 9.0
25 35 0.0
25 36 1.0
25 37 4.0
25 38 7.0
25 39 1.0
25 40 3.0
25 41 6.0
25 42 2.0
25 43 3.0
25 44 9.0
25 45 8.0
25 46 4.0
25 47 4.0
25 48 8.0
25 49 3.0
25 50 2.0
25 51 7.0
25 52 2.0
25 53 4.0
25 54 6.0
25 55 1.0
25 56 5.0
25 57 0.0
25 58 8.0
25 59 2.0
25 60 8.0
25 61 8.0
25 62 2.0
25 63 8.0
25 64 3.0
25 65 6.0
25 66 1.0
25 67 2.0
25 68 5.0
25 69 2.0
25 70 5.0
25 71 6.0
25 72 2.0
25 73 5.0
25 74 1.0
25 75 5.0
25 76 9.0
25 77 8.0
25 78 0.0
25 79 4.0
25 80 1.0
25 81 7.0
25 82 5.0
25 83 1.0
25 84 0.0
25 85 6.0
25 86 0.0
25 87 3.0
25 88 1.0
25 89 4.0
25 90 0.0
25 91 1.0
25 92 2.0
25 93 2.0
25 94 4.0
25 95 3.0
25 96 5.0
25 97 6.0
25 98 9.0
25 99 5.0
26 27 2.0
26 28 8.0
26 29 5.0
26 30 3.0
26 31 2.0
26 32 1.0
26 33 1.0
26 34 4.0
26 35 5.0
26 36 8.0
26 37 8.0
26 38 1.0
26 39 1.0
26 40 6.0
26 41 8.0
26 42 6.0
26 43 2.0
26 44 4.0
26 45 9.0
26 46 1.0
26 47 4.0
26 48 0.0
26 49 9.0
26 50 8.0
26 51 6.0
26 52 1.0
26 53 0.0
26 54 4.0
26 55 6.0
26 56 7.0
26 57 0.0
26 58 3.0
26 59 4.0
26 60 5.0
26 61 1.0
26 62 1.0
26 63 4.0
26 64 8.0
26 65 2.0
26 66 0.0
26 67 2.0
26 68 4.0
26 69 7.0
26 70 0.0
26 71 2.0
26 72 9.0
26 73 3.0
26 74 8.0
26 75 2.0
26 76 7.0
26 77 2.0
26 78 7.0
26 79 3.0
26 80 4.0
26 81 6.0
26 82 5.0
26 83 0.0
26 84 4.0
26 85 6.0
26 86 9.0
26 87 3.0
26 88 6.0
26 89 0.0
26 90 2.0
26 91 6.0
26 92 9.0
26 93 5.0
26 94 7.0
26 95 1.0
26 96 0.0
26 97 8.0
26 98 5.0
26 99 2.0
27 28 9.0
27 29 9.0
27 30 2.0
27 31 2.0
27 32 4.0
27 33 0.0
27 34 8.0
27 35 6.0
27 36 7.0
27 37 8.0
27 38 6.0
27 39 1.0
27 40 8.0
27 41 8.0
27 42 4.0
27 43 7.0
27 44 3.0
27 45 8.0
27 46 5.0
27 47 8.0
27 48 3.0
27 49 9.0
27 50 8.0
27 51 5.0
27 52 1.0
27 53 2.0
27 54 9.0
27 55 9.0
27 56 6.0
27 57 3.0
27 58 1.0
27 59 3.0
27 60 8.0
27 61 1.0
27 62 9.0
27 63 0.0
27 64 1.0
27 65 1.0
27 66 6.0
27 67 9.0
27 68 5.0
27 69 7.0
27 70 3.0
27 71 7.0
27 72 8.0
27 73 1.0
27 74 1.0
27 75 7.0
27 76 7.0
27 77 1.0
27 78 3.0
27 79 4.0
27 80 0.0
27 81 0.0
27 82 4.0
27 83 1.0
27 84 8.0
27 85 2.0
27 86 8.0
27 87 9.0
27 88 7.0
27 89 3.0
27 90 0.0
27 91 2.0
27 92 3.0
27 93 7.0
27 94 4.0
27 95 3.0
27 96 5.0
27 97 2.0
27 98 7.0
27 99 7.0
28 29 8.0
28 30 4.0
28 31 6.0
28 32 0.0
28 33 1.0
28 34 5.0
28 35 9.0
28 36 2.0
28 37 3.0
28 38 8.0
28 39 5.0
28 40 9.0
28 41 0.0
28 42 2.0
28 43 4.0
28 44 1.0
28 45 4.0
28 46 0.0
28 47 3.0
28 48 3.0
28 49 1.0
28 50 5.0
28 51 7.0
28 52 7.0
28 53 9.0
28 54 6.0
28 55 8.0
28 56 1.0
28 57 7.0
28 58 5.0
28 59 0.0
28 60 5.0
28 61 9.0
28 62 4.0
28 63 4.0
28 64 9.0
28 65 9.0
28 66 4.0
28 67 8.0
28 68 0.0
28 69 4.0
28 70 9.0
28 71 6.0
28 72 3.0
28 73 3.0
28 74 4.0
28 75 0.0
28 76 5.0
28 77 4.0
28 78 9.0
28 79 6.0
28 80 9.0
28 81 5.0
28 82 5.0
28 83 5.0
28 84 7.0
28 85 2.0
28 86 3.0
28 87 7.0
28 88 6.0
28 89 3.0
28 90 0.0
28 91 0.0
28 92 1.0
28 93 3.0
28 94 9.0
28 95 4.0
28 96 7.0
28 97 4.0
28 98 6.0
28 99 0.0
29 30 7.0
29 31 1.0
29 32 9.0
29 33 1.0
29 34 7.0
29 35 5.0
29 36 5.0
29 37 1.0
29 38 4.0
29 39 9.0
29 40 3.0
29 41 0.0
29 42 6.0
29 43 9.0
29 44 1.0
29 45 6.0
29 46 8.0
29 47 0.0
29 48 4.0
29 49 8.0
29 50 9.0
29 51 4.0
29 52 7.0
29 53 7.0
29 54 6.0
29 55 5.0
29 56 1.0
29 57 4.0
29 58 6.0
29 59 0.0
29 60 4.0
29 61 2.0
29 62 5.0
29 63 0.0
29 64 3.0
29 65 4.0
29 66 3.0
29 67 8.0
29 68 4.0
29 69 9.0
29 70 8.0
29 71 6.0
29 72 3.0
29 73 6.0
29 74 0.0
29 75 0.0
29 76 0.0
29 77 7.0
29 78 0.0
29 79 2.0
29 80 5.0
29 81 8.0
29 82 1.0
29 83 2.0
29 84 0.0
29 85 1.0
29 86 2.0
29 87 6.0
29 88 9.0
29 89 7.0
29 90 7.0
29 91 7.0
29 92 2.0
29 93 2.0
29 94 0.0
29 95 8.0
29 96 1.0
29 97 6.0
29 98 1.0
29 99 0.0
30 31 3.0
30 32 0.0
30 33 8.0
30 34 4.0
30 35 9.0
30 36 9.0
30 37 3.0
30 38 2.0
30 39 7.0
30 40 7.0
30 41 3.0
30 42 1.0
30 43 7.0
30 44 6.0
30 45 1.0
30 46 8.0
30 47 5.0
30 48 3.0
30 49 3.0
30 50 8.0
30 51 4.0
30 52 0.0
30 53 6.0
30 54 8.0
30 55 3.0
30 56 2.0
30 57 8.0
30 58 5.0
30 59 3.0
30 60 6.0
30 61 2.0
30 62 5.0
30 63 6.0
30 64 9.0
30 65 8.0
30 66 2.0
30 67 4.0
30 68 1.0
30 69 2.0
30 70 2.0
30 71 8.0
30 72 5.0
30 73 1.0
30 74 3.0
30 75 7.0
30 76 6.0
30 77 3.0
30 78 8.0
30 79 3.0
30 80 7.0
30 81 7.0
30 82 0.0
30 83 8.0
30 84 6.0
30 85 4.0
30 86 5.0
30 87 9.0
30 88 7.0
30 89 3.0
30 90 3.0
30 91 2.0
30 92 7.0
30 93 7.0
30 94 9.0
30 95 3.0
30 96 6.0
30 97 8.0
30 98 3.0
30 99 9.0
31 32 3.0
31 33 0.0
31 34 5.0
31 35 9.0
31 36 1.0
31 37 8.0
31 38 4.0
31 39 9.0
31 40 0.0
31 41 4.0
31 42 3.0
31 43 2.0
31 44 7.0
31 45 8.0
31 46 9.0
31 47 1.0
31 48 2.0
31 49 4.0
31 50 2.0
31 51 6.0
31 52 9.0
31 53 7.0
31 54 0.0
31 55 3.0
31 56 9.0
31 57 5.0
31 58 7.0
31 59 2.0
31 60 7.0
31 61 2.0
31 62 7.0
31 63 5.0
31 64 0.0
31 65 2.0
31 66 9.0
31 67 4.0
31 68 1.0
31 69 9.0
31 70 8.0
31 71 8.0
31 72 0.0
31 73 2.0
31 74 0.0
31 75 8.0
31 76 6.0
31 77 2.0
31 78 9.0
31 79 4.0
31 80 6.0
31 81 6.0
31 82 3.0
31 83 5.0
31 84 2.0
31 85 6.0
31 86 0.0
31 87 4.0
31 88 9.0
31 89 7.0
31 90 7.0
31 91 5.0
31 92 3.0
31 93 0.0
31 94 1.0
31 95 5.0
31 96 4.0
31 97 3.0
31 98 8.0
31 99 2.0
32 33 5.0
32 34 4.0
32 35 6.0
32 36 5.0
32 37 5.0
32 38 0.0
32 39 7.0
32 40 4.0
32 41 1.0
32 42 7.0
32 43 1.0
32 44 2.0
32 45 0.0
32 46 3.0
32 47 0.0
32 48 8.0
32 49 7.0
32 50 2.0
32 51 8.0
32 52 3.0
32 53 2.0
32 54 4.0
32 55 7.0
32 56 6.0
32 57 4.0
32 58 2.0
32 59 8.0
32 60 7.0
32 61 6.0
32 62 2.0
32 63 7.0
32 64 8.0
32 65 2.0
32 66 6.0
32 67 7.0
32 68 2.0
32 69 5.0
32 70 8.0
32 71 0.0
32 72 7.0
32 73 1.0
32 74 5.0
32 75 7.0
32 76 9.0
32 77 1.0
32 78 1.0
32 79 1.0
32 80 6.0
32 81 0.0
32 82 1.0
32 83 2.0
32 84 7.0
32 85 4.0
32 86 7.0
32 87 8.0
32 88 8.0
32 89 0.0
32 90 6.0
32 91 6.0
32 92 7.0
32 93 5.0
32 94 0.0
32 95 6.0
32 96 6.0
32 97 8.0
32 98 5.0
32 99 3.0
33 34 5.0
33 35 2.0
33 36 1.0
33 37 6.0
33 38 3.0
33 39 1.0
33 40 2.0
33 41 1.0
33 42 2.0
33 43 0.0
33 44 4.0
33 45 5.0
33 46 1.0
33 47 5.0
33 48 6.0
33 49 9.0
33 50 5.0
33 51 4.0
33 52 6.0
33 53 0.0
33 54 1.0
33 55 3.0
33 56 8.0
33 57 6.0
33 58 7.0
33 59 5.0
33 60 3.0
33 61 3.0
33 62 2.0
33 63 9.0
33 64 9.0
33 65 0.0
33 66 9.0
33 67 3.0
33 68 0.0
33 69 5.0
33 70 6.0
33 71 8.0
33 72 4.0
33 73 2.0
33 74 4.0
33 75 0.0
33 76 5.0
33 77 4.0
33 78 1.0
33 79 1.0
33 80 1.0
33 81 4.0
33 82 3.0
33 83 2.0
33 84 5.0
33 85 4.0
33 86 9.0
33 87 0.0
33 88 4.0
33 89 2.0
33 90 6.0
33 91 3.0
33 92 2.0
33 93 4.0
33 94 5.0
33 95 0.0
33 96 5.0
33 97 9.0
33 98 1.0
33 99 1.0
34 35 8.0
34 36 1.0
34 37 4.0
34 38 1.0
34 39 9.0
34 40 1.0
34 41 7.0
34 42 6.0
34 43 7.0
34 44 6.0
34 45 9.0
34 46 8.0
34 47 5.0
34 48 4.0
34 49 2.0
34 50 1.0
34 51 3.0
34 52 4.0
34 53 9.0
34 54 0.0
34 55 9.0
34 56 2.0
34 57 2.0
34 58 4.0
34 59 9.0
34 60 7.0
34 61 3.0
34 62 7.0
34 63 1.0
34 64 0.0
34 65 9.0
34 66 3.0
34 67 3.0
34 68 2.0
34 69 8.0
34 70 3.0
34 71 4.0
34 72 8.0
34 73 6.0
34 74 6.0
34 75 7.0
34 76 2.0
34 77 4.0
34 78 0.0
34 79 2.0
34 80 6.0
34 81 9.0
34 82 4.0
34 83 0.0
34 84 6.0
34 85 4.0
34 86 4.0
34 87 9.0
34 88 5.0
34 89 0.0
34 90 0.0
34 91 9.0
34 92 4.0
34 93 6.0
34 94 8.0
34 95 2.0
34 96 8.0
34 97 6.0
34 98 0.0
34 99 9.0
35 36 2.0
35 37 5.0
35 38 2.0
35 39 6.0
35 40 9.0
35 41 9.0
35 42 4.0
35 43 6.0
35 44 5.0
35 45 8.0
35 46 8.0
35 47 7.0
35 48 0.0
35 49 4.0
35 50 7.0
35 51 8.0
35 52 2.0
35 53 4.0
35 54 0.0
35 55 9.0
35 56 6.0
35 57 5.0
35 58 8.0
35 59 6.0
35 60 7.0
35 61 8.0
35 62 6.0
35 63 1.0
35 64 6.0
35 65 5.0
35 66 6.0
35 67 2.0
35 68 7.0
35 69 9.0
35 70 2.0
35 71 3.0
35 72 4.0
35 73 0.0
35 74 5.0
35 75 1.0
35 76 7.0
35 77 5.0
35 78 4.0
35 79 2.0
35 80 7.0
35 81 4.0
35 82 4.0
35 83 0.0
35 84 3.0
35 85 5.0
35 86 6.0
35 87 7.0
35 88 1.0
35 89 9.0
35 90 1.0
35 91 9.0
35 92 7.0
35 93 1.0
35 94 5.0
35 95 6.0
35 96 2.0
35 97 0.0
35 98 7.0
35 99 6.0
36 37 5.0
36 38 4.0
36 39 1.0
36 40 2.0
36 41 8.0
36 42 5.0
36 43 0.0
36 44 7.0
36 45 1.0
36 46 4.0
36 47 6.0
36 48 9.0
36 49 2.0
36 50 9.0
36 51 8.0
36 52 8.0
36 53 9.0
36 54 7.0
36 55 6.0
36 56 6.0
36 57 8.0
36 58 2.0
36 59 6.0
36 60 8.0
36 61 0.0
36 62 3.0
36 63 1.0
36 64 5.0
36 65 9.0
36 66 7.0
36 67 8.0
36 68 4.0
36 69 1.0
36 70 7.0
36 71 7.0
36 72 7.0
36 73 2.0
36 74 4.0
36 75 4.0
36 76 1.0
36 77 5.0
36 78 1.0
36 79 2.0
36 80 6.0
36 81 2.0
36 82 5.0
36 83 9.0
36 84 1.0
36 85 5.0
36 86 5.0
36 87 9.0
36 88 4.0
36 89 3.0
36 90 9.0
36 91 3.0
36 92 8.0
36 93 6.0
36 94 8.0
36 95 3.0
36 96 2.0
36 97 8.0
36 98 5.0
36 99 0.0
37 38 7.0
37 39 1.0
37 40 7.0
37 41 5.0
37 42 4.0
37 43 0.0
37 44 3.0
37 45 6.0
37 46 6.0
37 47 0.0
37 48 3.0
37 49 8.0
37 50 9.0
37 51 2.0
37 52 2.0
37 53 7.0
37 54 4.0
37 55 1.0
37 56 2.0
37 57 6.0
37 58 2.0
37 59 7.0
37 60 5.0
37 61 1.0
37 62 5.0
37 63 2.0
37 64 8.0
37 65 7.0
37 66 8.0
37 67 2.0
37 68 9.0
37 69 2.0
37 70 0.0
37 71 7.0
37 72 6.0
37 73 1.0
37 74 5.0
37 75 2.0
37 76 7.0
37 77 0.0
37 78 5.0
37 79 6.0
37 80 9.0
37 81 9.0
37 82 8.0
37 83 2.0
37 84 0.0
37 85 9.0
37 86 4.0
37 87 1.0
37 88 0.0
37 89 6.0
37 90 3.0
37 91 1.0
37 92 8.0
37 93 3.0
37 94 4.0
37 95 9.0
37 96 1.0
37 97 5.0
37 98 6.0
37 99 4.0
38 39 3.0
38 40 1.0
38 41 8.0
38 42 2.0
38 43 2.0
38 44 5.0
38 45 3.0
38 46 6.0
38 47 3.0
38 48 5.0
38 49 1.0
38 50 0.0
38 51 4.0
38 52 2.0
38 53 7.0
38 54 7.0
38 55 3.0
38 56 2.0
38 57 6.0
38 58 4.0
38 59 3.0
38 60 9.0
38 61 1.0
38 62 5.0
38 63 5.0
38 64 3.0
38 65 8.0
38 66 3.0
38 67 1.0
38 68 3.0
38 69 3.0
38 70 3.0
38 71 7.0
38 72 5.0
38 73 8.0
38 74 1.0
38 75 9.0
38 76 0.0
38 77 0.0
38 78 7.0
38 79 7.0
38 80 6.0
38 81 2.0
38 82 3.0
38 83 7.0
38 84 7.0
38 85 4.0
38 86 6.0
38 87 0.0
38 88 2.0
38 89 7.0
38 90 8.0
38 91 0.0
38 92 9.0
38 93 0.0
38 94 5.0
38 95 3.0
38 96 5.0
38 97 8.0
38 98 3.0
38 99 8.0
39 40 0.0
39 41 2.0
39 42 7.0
39 43 2.0
39 44 1.0
39 45 4.0
39 46 6.0
39 47 8.0
39 48 4.0
39 49 9.0
39 50 2.0
39 51 5.0
39 52 7.0
39 53 5.0
39 54 7.0
39 55 1.0
39 56 4.0
39 57 5.0
39 58 4.0
39 59 4.0
39 60 2.0
39 61 8.0
39 62 7.0
39 63 8.0
39 64 6.0
39 65 0.0
39 66 6.0
39 67 6.0
39 68 6.0
39 69 1.0
39 70 9.0
39 71 7.0
39 72 7.0
39 73 9.0
39 74 7.0
39 75 5.0
39 76 2.0
39 77 3.0
39 78 2.0
39 79 2.0
39 80 2.0
39 81 8.0
39 82 1.0
39 83 7.0
39 84 5.0
39 85 0.0
39 86 0.0
39 87 3.0
39 88 7.0
39 89 6.0
39 90 0.0
39 91 5.0
39 92 1.0
39 93 2.0
39 94 1.0
39 95 4.0
39 96 6.0
39 97 1.0
39 98 6.0
39 99 8.0
40 41 0.0
40 42 2.0
40 43 8.0
40 44 4.0
40 45 1.0
40 46 6.0
40 47 4.0
40 48 5.0
40 49 4.0
40 50 1.0
40 51 3.0
40 52 5.0
40 53 8.0
40 54 9.0
40 55 4.0
40 56 1.0
40 57 9.0
40 58 9.0
40 59 2.0
40 60 0.0
40 61 4.0
40 62 9.0
40 63 0.0
40 64 7.0
40 65 0.0
40 66 2.0
40 67 4.0
40 68 9.0
40 69 6.0
40 70 7.0
40 71 9.0
40 72 6.0
40 73 7.0
40 74 0.0
40 75 8.0
40 76 3.0
40 77 0.0
40 78 7.0
40 79 7.0
40 80 2.0
40 81 7.0
40 82 0.0
40 83 3.0
40 84 7.0
40 85 6.0
40 86 8.0
40 87 0.0
40 88 1.0
40 89 5.0
40 90 1.0
40 91 9.0
40 92 9.0
40 93 8.0
40 94 1.0
40 95 7.0
40 96 2.0
40 97 9.0
40 98 5.0
40 99 0.0
41 42 2.0
41 43 8.0
41 44 6.0
41 45 7.0
41 46 9.0
41 47 1.0
41 48 2.0
41 49 0.0
41 50 9.0
41 51 9.0
41 52 9.0
41 53 3.0
41 54 2.0
41 55 0.0
41 56 9.0
41 57 7.0
41 58 3.0
41 59 2.0
41 60 8.0
41 61 5.0
41 62 2.0
41 63 0.0
41 64 6.0
41 65 6.0
41 66 0.0
41 67 6.0
41 68 8.0
41 69 0.0
41 70 6.0
41 71 0.0
41 72 0.0
41 73 5.0
41 74 3.0
41 75 8.0
41 76 2.0
41 77 1.0
41 78 9.0
41 79 6.0
41 80 5.0
41 81 5.0
41 82 7.0
41 83 5.0
41 84 6.0
41 85 2.0
41 86 6.0
41 87 1.0
41 88 8.0
41 89 9.0
41 90 9.0
41 91 4.0
41 92 9.0
41 93 1.0
41 94 6.0
41 95 3.0
41 96 2.0
41 97 5.0
41 98 2.0
41 99 9.0
42 43 1.0
42 44 4.0
42 45 9.0
42 46 1.0
42 47 7.0
42 48 8.0
42 49 3.0
42 50 1.0
42 51 9.0
42 52 3.0
42 53 7.0
42 54 0.0
42 55 9.0
42 56 5.0
42 57 9.0
42 58 2.0
42 59 5.0
42 60 9.0
42 61 7.0
42 62 2.0
42 63 9.0
42 64 9.0
42 65 5.0
42 66 1.0
42 67 8.0
42 68 8.0
42 69 8.0
42 70 8.0
42 71 4.0
42 72 6.0
42 73 5.0
42 74 3.0
42 75 4.0
42 76 0.0
42 77 4.0
42 78 9.0
42 79 8.0
42 80 3.0
42 81 0.0
42 82 3.0
42 83 4.0
42 84 0.0
42 85 5.0
42 86 9.0
42 87 9.0
42 88 8.0
42 89 9.0
42 90 6.0
42 91 0.0
42 92 5.0
42 93 8.0
42 94 9.0
42 95 1.0
42 96 3.0
42 97 5.0
42 98 8.0
42 99 5.0
43 44 1.0
43 45 5.0
43 46 8.0
43 47 9.0
43 48 3.0
43 49 7.0
43 50 4.0
43 51 0.0
43 52 4.0
43 53 4.0
43 54 8.0
43 55 0.0
43 56 0.0
43 57 8.0
43 58 9.0
43 59 0.0
43 60 3.0
43 61 1.0
43 62 1.0
43 63 3.0
43 64 1.0
43 65 8.0
43 66 7.0
43 67 8.0
43 68 9.0
43 69 9.0
43 70 8.0
43 71 1.0
43 72 5.0
43 73 3.0
43 74 1.0
43 75 8.0
43 76 6.0
43 77 1.0
43 78 0.0
43 79 2.0
43 80 7.0
43 81 7.0
43 82 8.0
43 83 3.0
43 84 9.0
43 85 9.0
43 86 2.0
43 87 5.0
43 88 7.0
43 89 9.0
43 90 7.0
43 91 5.0
43 92 9.0
43 93 1.0
43 94 7.0
43 95 0.0
43 96 7.0
43 97 2.0
43 98 1.0
43 99 7.0
44 45 8.0
44 46 2.0
44 47 9.0
44 48 0.0
44 49 7.0
44 50 5.0
44 51 2.0
44 52 4.0
44 53 8.0
44 54 3.0
44 55 6.0
44 56 4.0
44 57 6.0
44 58 6.0
44 59 2.0
44 60 9.0
44 61 4.0
44 62 5.0
44 63 8.0
44 64 8.0
44 65 2.0
44 66 0.0
44 67 3.0
44 68 4.0
44 69 0.0
44 70 8.0
44 71 1.0
44 72 0.0
44 73 0.0
44 74 3.0
44 75 1.0
44 76 5.0
44 77 5.0
44 78 0.0
44 79 4.0
44 80 5.0
44 81 3.0
44 82 9.0
44 83 3.0
44 84 1.0
44 85 0.0
44 86 2.0
44 87 3.0
44 88 0.0
44 89 6.0
44 90 4.0
44 91 9.0
44 92 6.0
44 93 6.0
44 94 4.0
44 95 7.0
44 96 4.0
44 97 2.0
44 98 4.0
44 99 2.0
45 46 7.0
45 47 9.0
45 48 5.0
45 49 5.0
45 50 0.0
45 51 1.0
45 52 2.0
45 53 0.0
45 54 4.0
45 55 4.0
45 56 9.0
45 57 9.0
45 58 1.0
45 59 6.0
45 60 0.0
45 61 2.0
45 62 8.0
45 63 9.0
45 64 2.0
45 65 6.0
45 66 5.0
45 67 3.0
45 68 3.0
45 69 2.0
45 70 6.0
45 71 2.0
45 72 4.0
45 73 0.0
45 74 1.0
45 75 9.0
45 76 1.0
45 77 4.0
45 78 8.0
45 79 8.0
45 80 5.0
45 81 0.0
45 82 4.0
45 83 4.0
45 84 6.0
45 85 8.0
45 86 2.0
45 87 4.0
45 88 0.0
45 89 1.0
45 90 7.0
45 91 6.0
45 92 3.0
45 93 4.0
45 94 4.0
45 95 8.0
45 96 9.0
45 97 2.0
45 98 4.0
45 99 5.0
46 47 0.0
46 48 3.0
46 49 7.0
46 50 1.0
46 51 3.0
46 52 0.0
46 53 6.0
46 54 1.0
46 55 0.0
46 56 7.0
46 57 8.0
46 58 3.0
46 59 3.0
46 60 3.0
46 61 6.0
46 62 8.0
46 63 3.0
46 64 0.0
46 65 3.0
46 66 4.0
46 67 6.0
46 68 4.0
46 69 5.0
46 70 1.0
46 71 9.0
46 72 3.0
46 73 9.0
46 74 1.0
46 75 6.0
46 76 3.0
46 77 2.0
46 78 7.0
46 79 3.0
46 80 4.0
46 81 9.0
46 82 5.0
46 83 8.0
46 84 3.0
46 85 3.0
46 86 2.0
46 87 5.0
46 88 7.0
46 89 5.0
46 90 8.0
46 91 1.0
46 92 8.0
46 93 7.0
46 94 9.0
46 95 3.0
46 96 5.0
46 97 3.0
46 98 9.0
46 99 7.0
47 48 2.0
47 49 6.0
47 50 7.0
47 51 5.0
47 52 2.0
47 53 4.0
47 54 7.0
47 55 6.0
47 56 5.0
47 57 9.0
47 58 4.0
47 59 4.0
47 60 3.0
47 61 8.0
47 62 7.0
47 63 3.0
47 64 8.0
47 65 3.0
47 66 0.0
47 67 6.0
47 68 6.0
47 69 8.0
47 70 5.0
47 71 4.0
47 72 6.0
47 73 7.0
47 74 4.0
47 75 9.0
47 76 6.0
47 77 6.0
47 78 2.0
47 79 2.0
47 80 4.0
47 81 8.0
47 82 5.0
47 83 0.0
47 84 5.0
47 85 8.0
47 86 1.0
47 87 1.0
47 88 4.0
47 89 2.0
47 90 0.0
47 91 0.0
47 92 2.0
47 93 4.0
47 94 8.0
47 95 9.0
47 96 0.0
47 97 9.0
47 98 0.0
47 99 2.0
48 49 7.0
48 50 5.0
48 51 1.0
48 52 0.0
48 53 2.0
48 54 8.0
48 55 8.0
48 56 9.0
48 57 9.0
48 58 6.0
48 59 3.0
48 60 1.0
48 61 7.0
48 62 8.0
48 63 1.0
48 64 2.0
48 65 2.0
48 66 3.0
48 67 0.0
48 68 3.0
48 69 3.0
48 70 1.0
48 71 0.0
48 72 6.0
48 73 4.0
48 74 7.0
48 75 5.0
48 76 9.0
48 77 5.0
48 78 0.0
48 79 4.0
48 80 1.0
48 81 9.0
48 82 6.0
48 83 0.0
48 84 0.0
48 85 3.0
48 86 4.0
48 87 3.0
48 88 8.0
48 89 4.0
48 90 3.0
48 91 7.0
48 92 5.0
48 93 7.0
48 94 4.0
48 95 5.0
48 96 3.0
48 97 6.0
48 98 3.0
48 99 5.0
49 50 1.0
49 51 8.0
49 52 9.0
49 53 5.0
49 54 0.0
49 55 0.0
49 56 3.0
49 57 7.0
49 58 9.0
49 59 6.0
49 60 5.0
49 61 0.0
49 62 2.0
49 63 6.0
49 64 3.0
49 65 5.0
49 66 9.0
49 67 6.0
49 68 3.0
49 69 5.0
49 70 2.0
49 71 9.0
49 72 1.0
49 73 3.0
49 74 3.0
49 75 3.0
49 76 7.0
49 77 9.0
49 78 0.0
49 79 1.0
49 80 4.0
49 81 6.0
49 82 0.0
49 83 5.0
49 84 6.0
49 85 9.0
49 86 6.0
49 87 0.0
49 88 8.0
49 89 8.0
49 90 0.0
49 91 1.0
49 92 1.0
49 93 6.0
49 94 1.0
49 95 0.0
49 96 6.0
49 97 1.0
49 98 7.0
49 99 3.0
50 51 0.0
50 52 7.0
50 53 7.0
50 54 5.0
50 55 4.0
50 56 2.0
50 57 1.0
50 58 0.0
50 59 7.0
50 60 7.0
50 61 6.0
50 62 3.0
50 63 8.0
50 64 4.0
50 65 6.0
50 66 3.0
50 67 1.0
50 68 7.0
50 69 9.0
50 70 8.0
50 71 4.0
50 72 1.0
50 73 2.0
50 74 9.0
50 75 7.0
50 76 8.0
50 77 6.0
50 78 3.0
50 79 1.0
50 80 1.0
50 81 5.0
50 82 0.0
50 83 3.0
50 84 7.0
50 85 8.0
50 86 2.0
50 87 3.0
50 88 1.0
50 89 5.0
50 90 1.0
50 91 3.0
50 92 4.0
50 93 3.0
50 94 4.0
50 95 5.0
50 96 0.0
50 97 0.0
50 98 9.0
50 99 7.0
51 52 5.0
51 53 5.0
51 54 6.0
51 55 8.0
51 56 1.0
51 57 3.0
51 58 9.0
51 59 1.0
51 60 5.0
51 61 9.0
51 62 7.0
51 63 2.0
51 64 4.0
51 65 7.0
51 66 8.0
51 67 0.0
51 68 3.0
51 69 9.0
51 70 4.0
51 71 6.0
51 72 8.0
51 73 8.0
51 74 4.0
51 75 1.0
51 76 9.0
51 77 5.0
51 78 7.0
51 79 1.0
51 80 7.0
51 81 1.0
51 82 6.0
51 83 3.0
51 84 4.0
51 85 8.0
51 86 2.0
51 87 0.0
51 88 5.0
51 89 9.0
51 90 5.0
51 91 8.0
51 92 9.0
51 93 2.0
51 94 7.0
51 95 0.0
51 96 0.0
51 97 5.0
51 98 6.0
51 99 8.0
52 53 7.0
52 54 7.0
52 55 4.0
52 56 4.0
52 57 4.0
52 58 5.0
52 59 6.0
52 60 8.0
52 61 8.0
52 62 1.0
52 63 6.0
52 64 3.0
52 65 8.0
52 66 1.0
52 67 5.0
52 68 2.0
52 69 1.0
52 70 9.0
52 71 5.0
52 72 3.0
52 73 8.0
52 74 4.0
52 75 3.0
52 76 4.0
52 77 2.0
52 78 4.0
52 79 3.0
52 80 7.0
52 81 4.0
52 82 7.0
52 83 7.0
52 84 4.0
52 85 7.0
52 86 5.0
52 87 4.0
52 88 9.0
52 89 4.0
52 90 6.0
52 91 0.0
52 92 5.0
52 93 0.0
52 94 7.0
52 95 9.0
52 96 8.0
52 97 8.0
52 98 9.0
52 99 4.0
53 54 1.0
53 55 7.0
53 56 5.0
53 57 5.0
53 58 9.0
53 59 3.0
53 60 0.0
53 61 9.0
53 62 8.0
53 63 6.0
53 64 2.0
53 65 7.0
53 66 6.0
53 67 7.0
53 68 3.0
53 69 2.0
53 70 3.0
53 71 5.0
53 72 9.0
53 73 6.0
53 74 0.0
53 75 3.0
53 76 4.0
53 77 6.0
53 78 9.0
53 79 2.0
53 80 9.0
53 81 1.0
53 82 4.0
53 83 3.0
53 84 1.0
53 85 7.0
53 86 1.0
53 87 2.0
53 88 8.0
53 89 0.0
53 90 9.0
53 91 6.0
53 92 6.0
53 93 9.0
53 94 4.0
53 95 9.0
53 96 7.0
53 97 4.0
53 98 3.0
53 99 2.0
54 55 5.0
54 56 3.0
54 57 5.0
54 58 9.0
54 59 1.0
54 60 9.0
54 61 9.0
54 62 0.0
54 63 5.0
54 64 1.0
54 65 3.0
54 66 8.0
54 67 6.0
54 68 0.0
54 69 2.0
54 70 0.0
54 71 3.0
54 72 7.0
54 73 7.0
54 74 9.0
54 75 6.0
54 76 3.0
54 77 1.0
54 78 8.0
54 79 7.0
54 80 5.0
54 81 7.0
54 82 9.0
54 83 1.0
54 84 8.0
54 85 9.0
54 86 8.0
54 87 8.0
54 88 4.0
54 89 7.0
54 90 6.0
54 91 3.0
54 92 3.0
54 93 8.0
54 94 8.0
54 95 5.0
54 96 6.0
54 97 8.0
54 98 1.0
54 99 7.0
55 56 2.0
55 57 2.0
55 58 2.0
55 59 1.0
55 60 2.0
55 61 4.0
55 62 8.0
55 63 2.0
55 64 0.0
55 65 7.0
55 66 8.0
55 67 2.0
55 68 1.0
55 69 3.0
55 70 7.0
55 71 5.0
55 72 8.0
55 73 0.0
55 74 7.0
55 75 3.0
55 76 8.0
55 77 7.0
55 78 8.0
55 79 4.0
55 80 2.0
55 81 3.0
55 82 3.0
55 83 4.0
55 84 0.0
55 85 9.0
55 86 0.0
55 87 8.0
55 88 9.0
55 89 2.0
55 90 2.0
55 91 7.0
55 92 8.0
55 93 7.0
55 94 1.0
55 95 2.0
55 96 5.0
55 97 3.0
55 98 7.0
55 99 5.0
56 57 3.0
56 58 1.0
56 59 7.0
56 60 8.0
56 61 2.0
56 62 7.0
56 63 6.0
56 64 4.0
56 65 1.0
56 66 1.0
56 67 5.0
56 68 1.0
56 69 1.0
56 70 9.0
56 71 0.0
56 72 3.0
56 73 1.0
56 74 6.0
56 75 9.0
56 76 5.0
56 77 6.0
56 78 9.0
56 79 9.0
56 80 9.0
56 81 7.0
56 82 5.0
56 83 6.0
56 84 1.0
56 85 1.0
56 86 5.0
56 87 2.0
56 88 0.0
56 89 3.0
56 90 1.0
56 91 7.0
56 92 1.0
56 93 2.0
56 94 9.0
56 95 8.0
56 96 1.0
56 97 1.0
56 98 6.0
56 99 8.0
57 58 2.0
57 59 8.0
57 60 9.0
57 61 2.0
57 62 9.0
57 63 3.0
57 64 4.0
57 65 0.0
57 66 3.0
57 67 8.0
57 68 7.0
57 69 7.0
57 70 8.0
57 71 4.0
57 72 5.0
57 73 1.0
57 74 9.0
57 75 8.0
57 76 7.0
57 77 7.0
57 78 8.0
57 79 2.0
57 80 6.0
57 81 9.0
57 82 1.0
57 83 0.0
57 84 6.0
57 85 0.0
57 86 4.0
57 87 8.0
57 88 8.0
57 89 9.0
57 90 7.0
57 91 7.0
57 92 3.0
57 93 0.0
57 94 1.0
57 95 9.0
57 96 1.0
57 97 9.0
57 98 6.0
57 99 8.0
58 59 5.0
58 60 9.0
58 61 5.0
58 62 0.0
58 63 0.0
58 64 3.0
58 65 6.0
58 66 0.0
58 67 1.0
58 68 1.0
58 69 3.0
58 70 2.0
58 71 9.0
58 72 9.0
58 73 1.0
58 74 0.0
58 75 1.0
58 76 7.0
58 77 3.0
58 78 7.0
58 79 9.0
58 80 3.0
58 81 7.0
58 82 0.0
58 83 7.0
58 84 1.0
58 85 4.0
58 86 4.0
58 87 6.0
58 88 6.0
58 89 0.0
58 90 6.0
58 91 1.0
58 92 6.0
58 93 8.0
58 94 6.0
58 95 8.0
58 96 8.0
58 97 3.0
58 98 6.0
58 99 9.0
59 60 1.0
59 61 2.0
59 62 1.0
59 63 9.0
59 64 0.0
59 65 4.0
59 66 9.0
59 67 3.0
59 68 9.0
59 69 4.0
59 70 5.0
59 71 6.0
59 72 6.0
59 73 2.0
59 74 2.0
59 75 0.0
59 76 9.0
59 77 2.0
59 78 5.0
59 79 8.0
59 80 8.0
59 81 8.0
59 82 2.0
59 83 7.0
59 84 1.0
59 85 7.0
59 86 0.0
59 87 4.0
59 88 4.0
59 89 5.0
59 90 6.0
59 91 5.0
59 92 6.0
59 93 2.0
59 94 8.0
59 95 9.0
59 96 0.0
59 97 1.0
59 98 0.0
59 99 0.0
60 61 7.0
60 62 4.0
60 63 9.0
60 64 2.0
60 65 7.0
60 66 2.0
60 67 4.0
60 68 9.0
60 69 7.0
60 70 0.0
60 71 9.0
60 72 2.0
60 73 7.0
60 74 5.0
60 75 8.0
60 76 3.0
60 77 1.0
60 78 6.0
60 79 9.0
60 80 4.0
60 81 3.0
60 82 8.0
60 83 0.0
60 84 3.0
60 85 5.0
60 86 9.0
60 87 2.0
60 88 6.0
60 89 5.0
60 90 3.0
60 91 9.0
60 92 6.0
60 93 6.0
60 94 0.0
60 95 5.0
60 96 6.0
60 97 9.0
60 98 0.0
60 99 5.0
61 62 6.0
61 63 4.0
61 64 2.0
61 65 8.0
61 66 4.0
61 67 3.0
61 68 7.0
61 69 1.0
61 70 3.0
61 71 3.0
61 72 7.0
61 73 4.0
61 74 1.0
61 75 5.0
61 76 2.0
61 77 7.0
61 78 5.0
61 79 8.0
61 80 2.0
61 81 5.0
61 82 9.0
61 83 3.0
61 84 4.0
61 85 7.0
61 86 5.0
61 87 1.0
61 88 6.0
61 89 2.0
61 90 3.0
61 91 0.0
61 92 3.0
61 93 9.0
61 94 8.0
61 95 1.0
61 96 1.0
61 97 9.0
61 98 7.0
61 99 8.0
62 63 8.0
62 64 4.0
62 65 1.0
62 66 5.0
62 67 6.0
62 68 5.0
62 69 5.0
62 70 7.0
62 71 4.0
62 72 3.0
62 73 2.0
62 74 4.0
62 75 9.0
62 76 0.0
62 77 3.0
62 78 8.0
62 79 5.0
62 80 9.0
62 81 5.0
62 82 5.0
62 83 0.0
62 84 3.0
62 85 1.0
62 86 7.0
62 87 5.0
62 88 3.0
62 89 6.0
62 90 5.0
62 91 0.0
62 92 3.0
62 93 4.0
62 94 9.0
62 95 1.0
62 96 2.0
62 97 3.0
62 98 4.0
62 99 6.0
63 64 1.0
63 65 1.0
63 66 3.0
63 67 2.0
63 68 6.0
63 69 8.0
63 70 2.0
63 71 3.0
63 72 0.0
63 73 1.0
63 74 9.0
63 75 4.0
63 76 0.0
63 77 5.0
63 78 2.0
63 79 4.0
63 80 2.0
63 81 5.0
63 82 9.0
63 83 0.0
63 84 4.0
63 85 0.0
63 86 5.0
63 87 7.0
63 88 4.0
63 89 6.0
63 90 8.0
63 91 9.0
63 92 9.0
63 93 5.0
63 94 7.0
63 95 1.0
63 96 1.0
63 97 8.0
63 98 5.0
63 99 1.0
64 65 1.0
64 66 0.0
64 67 3.0
64 68 6.0
64 69 6.0
64 70 7.0
64 71 2.0
64 72 3.0
64 73 6.0
64 74 8.0
64 75 9.0
64 76 2.0
64 77 0.0
64 78 3.0
64 79 4.0
64 80 5.0
64 81 8.0
64 82 7.0
64 83 1.0
64 84 5.0
64 85 7.0
64 86 6.0
64 87 8.0
64 88 6.0
64 89 1.0
64 90 6.0
64 91 2.0
64 92 0.0
64 93 7.0
64 94 9.0
64 95 5.0
64 96 5.0
64 97 2.0
64 98 0.0
64 99 4.0
65 66 4.0
65 67 1.0
65 68 4.0
65 69 4.0
65 70 3.0
65 71 5.0
65 72 8.0
65 73 9.0
65 74 6.0
65 75 0.0
65 76 2.0
65 77 6.0
65 78 0.0
65 79 5.0
65 80 7.0
65 81 4.0
65 82 8.0
65 83 1.0
65 84 9.0
65 85 2.0
65 86 6.0
65 87 6.0
65 88 8.0
65 89 9.0
65 90 8.0
65 91 4.0
65 92 9.0
65 93 7.0
65 94 6.0
65 95 9.0
65 96 5.0
65 97 3.0
65 98 7.0
65 99 3.0
66 67 4.0
66 68 8.0
66 69 1.0
66 70 4.0
66 71 6.0
66 72 9.0
66 73 3.0
66 74 0.0
66 75 7.0
66 76 0.0
66 77 2.0
66 78 5.0
66 79 7.0
66 80 5.0
66 81 4.0
66 82 4.0
66 83 2.0
66 84 7.0
66 85 7.0
66 86 8.0
66 87 6.0
66 88 5.0
66 89 1.0
66 90 1.0
66 91 7.0
66 92 5.0
66 93 9.0
66 94 2.0
66 95 5.0
66 96 9.0
66 97 0.0
66 98 4.0
66 99 2.0
67 68 7.0
67 69 5.0
67 70 5.0
67 71 9.0
67 72 8.0
67 73 1.0
67 74 9.0
67 75 7.0
67 76 0.0
67 77 8.0
67 78 6.0
67 79 9.0
67 80 6.0
67 81 9.0
67 82 9.0
67 83 0.0
67 84 4.0
67 85 6.0
67 86 4.0
67 87 8.0
67 88 4.0
67 89 2.0
67 90 8.0
67 91 0.0
67 92 0.0
67 93 1.0
67 94 8.0
67 95 0.0
67 96 3.0
67 97 9.0
67 98 9.0
67 99 8.0
68 69 5.0
68 70 9.0
68 71 2.0
68 72 1.0
68 73 9.0
68 74 5.0
68 75 8.0
68 76 8.0
68 77 1.0
68 78 5.0
68 79 7.0
68 80 4.0
68 81 0.0
68 82 3.0
68 83 1.0
68 84 6.0
68 85 1.0
68 86 0.0
68 87 5.0
68 88 1.0
68 89 7.0
68 90 6.0
68 91 8.0
68 92 1.0
68 93 0.0
68 94 6.0
68 95 3.0
68 96 2.0
68 97 6.0
68 98 8.0
68 99 9.0
69 70 1.0
69 71 9.0
69 72 2.0
69 73 3.0
69 74 3.0
69 75 1.0
69 76 4.0
69 77 0.0
69 78 1.0
69 79 9.0
69 80 0.0
69 81 9.0
69 82 8.0
69 83 5.0
69 84 6.0
69 85 6.0
69 86 7.0
69 87 1.0
69 88 7.0
69 89 0.0
69 90 3.0
69 91 7.0
69 92 9.0
69 93 4.0
69 94 7.0
69 95 5.0
69 96 6.0
69 97 9.0
69 98 5.0
69 99 7.0
70 71 5.0
70 72 7.0
70 73 5.0
70 74 3.0
70 75 6.0
70 76 8.0
70 77 1.0
70 78 0.0
70 79 0.0
70 80 3.0
70 81 1.0
70 82 2.0
70 83 8.0
70 84 6.0
70 85 5.0
70 86 8.0
70 87 7.0
70 88 5.0
70 89 4.0
70 90 0.0
70 91 5.0
70 92 4.0
70 93 9.0
70 94 0.0
70 95 1.0
70 96 3.0
70 97 3.0
70 98 1.0
70 99 6.0
71 72 3.0
71 73 7.0
71 74 9.0
71 75 5.0
71 76 8.0
71 77 5.0
71 78 4.0
71 79 9.0
71 80 8.0
71 81 9.0
71 82 9.0
71 83 0.0
71 84 0.0
71 85 7.0
71 86 4.0
71 87 3.0
71 88 3.0
71 89 1.0
71 90 7.0
71 91 5.0
71 92 3.0
71 93 0.0
71 94 0.0
71 95 6.0
71 96 4.0
71 97 2.0
71 98 1.0
71 99 1.0
72 73 5.0
72 74 2.0
72 75 4.0
72 76 0.0
72 77 3.0
72 78 2.0
72 79 8.0
72 80 7.0
72 81 0.0
72 82 1.0
72 83 9.0
72 84 6.0
72 85 2.0
72 86 3.0
72 87 3.0
72 88 8.0
72 89 6.0
72 90 4.0
72 91 2.0
72 92 5.0
72 93 1.0
72 94 4.0
72 95 0.0
72 96 9.0
72 97 6.0
72 98 2.0
72 99 9.0
73 74 3.0
73 75 1.0
73 76 6.0
73 77 8.0
73 78 2.0
73 79 7.0
73 80 0.0
73 81 1.0
73 82 8.0
73 83 7.0
73 84 8.0
73 85 1.0
73 86 8.0
73 87 8.0
73 88 0.0
73 89 4.0
73 90 2.0
73 91 4.0
73 92 4.0
73 93 8.0
73 94 9.0
73 95 3.0
73 96 1.0
73 97 4.0
73 98 4.0
73 99 7.0
74 75 6.0
74 76 8.0
74 77 9.0
74 78 3.0
74 79 0.0
74 80 4.0
74 81 7.0
74 82 8.0
74 83 6.0
74 84 7.0
74 85 2.0
74 86 0.0
74 87 0.0
74 88 4.0
74 89 1.0
74 90 2.0
74 91 5.0
74 92 7.0
74 93 4.0
74 94 9.0
74 95 5.0
74 96 4.0
74 97 7.0
74 98 4.0
74 99 6.0
75 76 1.0
75 77 2.0
75 78 2.0
75 79 9.0
75 80 1.0
75 81 9.0
75 82 3.0
75 83 9.0
75 84 9.0
75 85 5.0
75 86 5.0
75 87 5.0
75 88 5.0
75 89 2.0
75 90 3.0
75 91 1.0
75 92 4.0
75 93 3.0
75 94 6.0
75 95 8.0
75 96 7.0
75 97 2.0
75 98 2.0
75 99 3.0
76 77 9.0
76 78 5.0
76 79 7.0
76 80 5.0
76 81 4.0
76 82 1.0
76 83 0.0
76 84 6.0
76 85 6.0
76 86 9.0
76 87 5.0
76 88 9.0
76 89 4.0
76 90 5.0
76 91 9.0
76 92 9.0
76 93 0.0
76 94 7.0
76 95 7.0
76 96 7.0
76 97 5.0
76 98 5.0
76 99 6.0
77 78 9.0
77 79 9.0
77 80 2.0
77 81 6.0
77 82 9.0
77 83 6.0
77 84 7.0
77 85 1.0
77 86 0.0
77 87 2.0
77 88 4.0
77 89 0.0
77 90 3.0
77 91 8.0
77 92 2.0
77 93 0.0
77 94 4.0
77 95 7.0
77 96 0.0
77 97 5.0
77 98 0.0
77 99 0.0
78 79 9.0
78 80 9.0
78 81 1.0
78 82 7.0
78 83 4.0
78 84 5.0
78 85 7.0
78 86 5.0
78 87 8.0
78 88 8.0
78 89 6.0
78 90 9.0
78 91 6.0
78 92 6.0
78 93 5.0
78 94 9.0
78 95 6.0
78 96 4.0
78 97 0.0
78 98 6.0
78 99 2.0
79 80 5.0
79 81 8.0
79 82 2.0
79 83 3.0
79 84 5.0
79 85 0.0
79 86 6.0
79 87 8.0
79 88 9.0
79 89 9.0
79 90 1.0
79 91 8.0
79 92 2.0
79 93 9.0
79 94 8.0
79 95 5.0
79 96 4.0
79 97 3.0
79 98 8.0
79 99 7.0
80 81 7.0
80 82 7.0
80 83 0.0
80 84 7.0
80 85 3.0
80 86 9.0
80 87 7.0
80 88 3.0
80 89 9.0
80 90 7.0
80 91 2.0
80 92 2.0
80 93 4.0
80 94 9.0
80 95 0.0
80 96 5.0
80 97 0.0
80 98 1.0
80 99 3.0
81 82 4.0
81 83 8.0
81 84 5.0
81 85 0.0
81 86 5.0
81 87 2.0
81 88 2.0
81 89 2.0
81 90 5.0
81 91 5.0
81 92 0.0
81 93 9.0
81 94 9.0
81 95 9.0
81 96 3.0
81 97 1.0
81 98 8.0
81 99 0.0
82 83 1.0
82 84 0.0
82 85 5.0
82 86 4.0
82 87 5.0
82 88 3.0
82 89 6.0
82 90 9.0
82 91 0.0
82 92 4.0
82 93 2.0
82 94 5.0
82 95 3.0
82 96 5.0
82 97 0.0
82 98 1.0
82 99 7.0
83 84 9.0
83 85 5.0
83 86 9.0
83 87 8.0
83 88 7.0
83 89 5.0
83 90 0.0
83 91 5.0
83 92 4.0
83 93 0.0
83 94 7.0
83 95 0.0
83 96 9.0
83 97 8.0
83 98 4.0
83 99 1.0
84 85 0.0
84 86 1.0
84 87 4.0
84 88 5.0
84 89 0.0
84 90 2.0
84 91 4.0
84 92 4.0
84 93 5.0
84 94 1.0
84 95 7.0
84 96 1.0
84 97 0.0
84 98 3.0
84 99 8.0
85 86 0.0
85 87 6.0
85 88 1.0
85 89 4.0
85 90 8.0
85 91 4.0
85 92 9.0
85 93 8.0
85 94 1.0
85 95 2.0
85 96 9.0
85 97 1.0
85 98 6.0
85 99 9.0
86 87 1.0
86 88 4.0
86 89 6.0
86 90 3.0
86 91 7.0
86 92 5.0
86 93 7.0
86 94 4.0
86 95 7.0
86 96 1.0
86 97 3.0
86 98 3.0
86 99 8.0
87 88 1.0
87 89 5.0
87 90 1.0
87 91 7.0
87 92 7.0
87 93 0.0
87 94 9.0
87 95 6.0
87 96 7.0
87 97 0.0
87 98 7.0
87 99 9.0
88 89 2.0
88 90 5.0
88 91 9.0
88 92 0.0
88 93 1.0
88 94 1.0
88 95 8.0
88 96 8.0
88 97 2.0
88 98 7.0
88 99 7.0
89 90 2.0
89 91 3.0
89 92 4.0
89 93 8.0
89 94 6.0
89 95 4.0
89 96 4.0
89 97 6.0
89 98 3.0
89 99 8.0
90 91 3.0
90 92 1.0
90 93 9.0
90 94 7.0
90 95 8.0
90 96 8.0
90 97 9.0
90 98 6.0
90 99 3.0
91 92 3.0
91 93 7.0
91 94 8.0
91 95 0.0
91 96 1.0
91 97 5.0
91 98 4.0
91 99 4.0
92 93 4.0
92 94 7.0
92 95 3.0
92 96 3.0
92 97 3.0
92 98 6.0
92 99 9.0
93 94 9.0
93 95 2.0
93 96 3.0
93 97 1.0
93 98 7.0
93 99 8.0
94 95 1.0
94 96 4.0
94 97 5.0
94 98 7.0
94 99 6.0
95 96 0.0
95 97 0.0
95 98 0.0
95 99 4.0
96 97 0.0
96 98 8.0
96 99 3.0
97 98 8.0
97 99 9.0
98 99 3.0
