125 12
0 1 6.0
0 2 3.0
0 3 3.0
0 4 3.0
0 5 9.0
0 6 0.0
0 7 8.0
0 8 8.0
0 9 3.0
0 10 6.0
0 11 9.0
0 12 3.0
0 13 5.0
0 14 2.0
0 15 1.0
0 16 0.0
0 17 7.0
0 18 0.0
0 19 4.0
0 20 4.0
0 21 6.0
0 22 3.0
0 23 6.0
0 24 3.0
0 25 1.0
0 26 1.0
0 27 6.0
0 28 1.0
0 29 5.0
0 30 0.0
0 31 1.0
0 32 0.0
0 33 5.0
0 34 2.0
0 35 5.0
0 36 1.0
0 37 5.0
0 38 4.0
0 39 3.0
0 40 0.0
0 41 9.0
0 42 2.0
0 43 8.0
0 44 6.0
0 45 0.0
0 46 0.0
0 47 2.0
0 48 7.0
0 49 7.0
0 50 6.0
0 51 2.0
0 52 7.0
0 53 9.0
0 54 4.0
0 55 0.0
0 56 4.0
0 57 4.0
0 58 2.0
0 59 3.0
0 60 5.0
0 61 7.0
0 62 9.0
0 63 7.0
0 64 0.0
0 65 2.0
0 66 9.0
0 67 9.0
0 68 8.0
0 69 4.0
0 70 3.0
0 71 5.0
0 72 1.0
0 73 4.0
0 74 6.0
0 75 2.0
0 76 7.0
0 77 1.0
0 78 9.0
0 79 4.0
0 80 1.0
0 81 6.0
0 82 4.0
0 83 1.0
0 84 0.0
0 85 0.0
0 86 3.0
0 87 8.0
0 88 3.0
0 89 5.0
0 90 7.0
0 91 8.0
0 92 3.0
0 93 4.0
0 94 3.0
0 95 7.0
0 96 8.0
0 97 2.0
0 98 9.0
0 99 8.0
0 100 8.0
0 101 0.0
0 102 1.0
0 103 8.0
0 104 0.0
0 105 7.0
0 106 4.0
0 107 9.0
0 108 8.0
0 109 2.0
0 110 9.0
0 111 3.0
0 112 3.0
0 113 8.0
0 114 6.0
0 115 9.0
0 116 9.0
0 117 3.0
0 118 8.0
0 119 0.0
0 120 1.0
0 121 4.0
0 122 6.0
0 123 4.0
0 124 7.0
1 2 9.0
1 3 0.0
1 4 9.0
1 5 7.0
1 6 3.0
1 7 3.0
1 8 5.0
1 9 5.0
1 10 7.0
1 11 1.0
1 12 9.0
1 13 8.0
1 14 4.0
1 15 7.0
1 16 8.0
1 17 7.0
1 18 3.0
1 19 0.0
1 20 3.0
1 21 1.0
1 22 7.0
1 23 5.0
1 24 5.0
1 25 5.0
1 26 2.0
1 27 3.0
1 28 7.0
1 29 4.0
1 30 8.0
1 31 1.0
1 32 1.0
1 33 4.0
1 34 1.0
1 35 8.0
1 36 5.0
1 37 9.0
1 38 2.0
1 39 0.0
1 40 9.0
1 41 6.0
1 42 4.0
1 43 0.0
1 44 6.0
1 45 2.0
1 46 1.0
1 47 2.0
1 48 3.0
1 49 7.0
1 50 3.0
1 51 4.0
1 52 8.0
1 53 1.0
1 54 8.0
1 55 0.0
1 56 2.0
1 57 8.0
1 58 4.0
1 59 6.0
1 60 1.0
1 61 0.0
1 62 2.0
1 63 2.0
1 64 7.0
1 65 9.0
1 66 8.0
1 67 1.0
1 68 5.0
1 69 7.0
1 70 9.0
1 71 9.0
1 72 1.0
1 73 3.0
1 74 0.0
1 75 5.0
1 76 2.0
1 77 6.0
1 78 3.0
1 79 9.0
1 80 0.0
1 81 5.0
1 82 0.0
1 83 1.0
1 84 2.0
1 85 4.0
1 86 9.0
1 87 6.0
1 88 3.0
1 89 2.0
1 90 0.0
1 91 5.0
1 92 6.0
1 93 2.0
1 94 6.0
1 95 1.0
1 96 5.0
1 97 4.0
1 98 9.0
1 99 0.0
1 100 4.0
1 101 3.0
1 102 6.0
1 103 4.0
1 104 8.0
1 105 6.0
1 106 2.0
1 107 0.0
1 108 5.0
1 109 3.0
1 110 3.0
1 111 5.0
1 112 8.0
1 113 3.0
1 114 1.0
1 115 6.0
1 116 7.0
1 117 1.0
1 118 5.0
1 119 6.0
1 120 3.0
1 121 1.0
1 122 8.0
1 123 3.0
1 124 5.0
2 3 1.0
2 4 7.0
2 5 8.0
2 6 4.0
2 7 6.0
2 8 6.0
2 9 2.0
2 10 8.0
2 11 7.0
2 12 3.0
2 13 9.0
2 14 2.0
2 15 1.0
2 16 3.0
2 17 1.0
2 18 4.0
2 19 4.0
2 20 7.0
2 21 0.0
2 22 6.0
2 23 8.0
2 24 4.0
2 25 4.0
2 26 0.0
2 27 6.0
2 28 9.0
2 29 6.0
2 30 5.0
2 31 7.0
2 32 9.0
2 33 4.0
2 34 2.0
2 35 1.0
2 36 6.0
2 37 9.0
2 38 7.0
2 39 7.0
2 40 7.0
2 41 8.0
2 42 6.0
2 43 4.0
2 44 0.0
2 45 9.0
2 46 4.0
2 47 6.0
2 48 2.0
2 49 0.0
2 50 3.0
2 51 0.0
2 52 8.0
2 53 9.0
2 54 3.0
2 55 5.0
2 56 5.0
2 57 5.0
2 58 3.0
2 59 6.0
2 60 1.0
2 61 7.0
2 62 0.0
2 63 3.0
2 64 1.0
2 65 2.0
2 66 0.0
2 67 1.0
2 68 3.0
2 69 0.0
2 70 4.0
2 71 6.0
2 72 3.0
2 73 4.0
2 74 4.0
2 75 9.0
2 76 7.0
2 77 7.0
2 78 0.0
2 79 2.0
2 80 5.0
2 81 7.0
2 82 1.0
2 83 8.0
2 84 5.0
2 85 1.0
2 86 4.0
2 87 6.0
2 88 5.0
2 89 3.0
2 90 5.0
2 91 4.0
2 92 8.0
2 93 3.0
2 94 3.0
2 95 7.0
2 96 6.0
2 97 0.0
2 98 8.0
2 99 8.0
2 100 5.0
2 101 7.0
2 102 8.0
2 103 3.0
2 104 6.0
2 105 8.0
2 106 2.0
2 107 0.0
2 108 3.0
2 109 4.0
2 110 7.0
2 111 3.0
2 112 1.0
2 113 3.0
2 114 5.0
2 115 8.0
2 116 4.0
2 117 9.0
2 118 8.0
2 119 0.0
2 120 7.0
2 121 6.0
2 122 0.0
2 123 7.0
2 124 4.0
3 4 5.0
3 5 9.0
3 6 3.0
3 7 3.0
3 8 4.0
3 9 0.0
3 10 1.0
3 11 4.0
3 12 8.0
3 13 1.0
3 14 3.0
3 15 5.0
3 16 8.0
3 17 1.0
3 18 7.0
3 19 1.0
3 20 5.0
3 21 7.0
3 22 1.0
3 23 6.0
3 24 3.0
3 25 3.0
3 26 7.0
3 27 5.0
3 28 0.0
3 29 2.0
3 30 6.0
3 31 3.0
3 32 2.0
3 33 3.0
3 34 2.0
3 35 0.0
3 36 0.0
3 37 9.0
3 38 9.0
3 39 4.0
3 40 0.0
3 41 8.0
3 42 5.0
3 43 2.0
3 44 1.0
3 45 5.0
3 46 7.0
3 47 0.0
3 48 7.0
3 49 5.0
3 50 4.0
3 51 3.0
3 52 0.0
3 53 9.0
3 54 4.0
3 55 6.0
3 56 6.0
3 57 3.0
3 58 3.0
3 59 1.0
3 60 8.0
3 61 5.0
3 62 0.0
3 63 5.0
3 64 0.0
3 65 2.0
3 66 4.0
3 67 5.0
3 68 0.0
3 69 6.0
3 70 3.0
3 71 0.0
3 72 9.0
3 73 4.0
3 74 7.0
3 75 7.0
3 76 0.0
3 77 1.0
3 78 7.0
3 79 5.0
3 80 4.0
3 81 1.0
3 82 8.0
3 83 1.0
3 84 2.0
3 85 0.0
3 86 6.0
3 87 8.0
3 88 2.0
3 89 7.0
3 90 4.0
3 91 1.0
3 92 0.0
3 93 8.0
3 94 0.0
3 95 0.0
3 96 6.0
3 97 5.0
3 98 1.0
3 99 1.0
3 100 8.0
3 101 5.0
3 102 7.0
3 103 7.0
3 104 6.0
3 105 0.0
3 106 9.0
3 107 5.0
3 108 7.0
3 109 5.0
3 110 9.0
3 111 7.0
3 112 6.0
3 113 4.0
3 114 8.0
3 115 5.0
3 116 8.0
3 117 7.0
3 118 0.0
3 119 6.0
3 120 3.0
3 121 3.0
3 122 0.0
3 123 9.0
3 124 9.0
4 5 5.0
4 6 8.0
4 7 4.0
4 8 2.0
4 9 6.0
4 10 8.0
4 11 4.0
4 12 9.0
4 13 9.0
4 14 1.0
4 15 1.0
4 16 2.0
4 17 8.0
4 18 2.0
4 19 8.0
4 20 6.0
4 21 5.0
4 22 4.0
4 23 9.0
4 24 1.0
4 25 2.0
4 26 4.0
4 27 1.0
4 28 2.0
4 29 9.0
4 30 8.0
4 31 3.0
4 32 1.0
4 33 7.0
4 34 3.0
4 35 5.0
4 36 3.0
4 37 5.0
4 38 0.0
4 39 6.0
4 40 7.0
4 41 1.0
4 42 7.0
4 43 7.0
4 44 6.0
4 45 8.0
4 46 8.0
4 47 5.0
4 48 7.0
4 49 2.0
4 50 9.0
4 51 3.0
4 52 9.0
4 53 8.0
4 54 1.0
4 55 7.0
4 56 3.0
4 57 5.0
4 58 0.0
4 59 1.0
4 60 9.0
4 61 3.0
4 62 6.0
4 63 4.0
4 64 5.0
4 65 3.0
4 66 8.0
4 67 2.0
4 68 8.0
4 69 0.0
4 70 5.0
4 71 6.0
4 72 3.0
4 73 1.0
4 74 4.0
4 75 5.0
4 76 9.0
4 77 1.0
4 78 8.0
4 79 8.0
4 80 2.0
4 81 8.0
4 82 7.0
4 83 1.0
4 84 9.0
4 85 7.0
4 86 4.0
4 87 9.0
4 88 4.0
4 89 7.0
4 90 2.0
4 91 2.0
4 92 6.0
4 93 2.0
4 94 4.0
4 95 7.0
4 96 0.0
4 97 3.0
4 98 3.0
4 99 3.0
4 100 7.0
4 101 9.0
4 102 3.0
4 103 4.0
4 104 5.0
4 105 8.0
4 106 1.0
4 107 4.0
4 108 1.0
4 109 8.0
4 110 3.0
4 111 4.0
4 112 3.0
4 113 6.0
4 114 3.0
4 115 8.0
4 116 4.0
4 117 1.0
4 118 0.0
4 119 4.0
4 120 2.0
4 121 6.0
4 122 3.0
4 123 9.0
4 124 9.0
5 6 7.0
5 7 6.0
5 8 0.0
5 9 5.0
5 10 5.0
5 11 3.0
5 12 9.0
5 13 2.0
5 14 2.0
5 15 8.0
5 16 9.0
5 17 3.0
5 18 4.0
5 19 0.0
5 20 7.0
5 21 9.0
5 22 0.0
5 23 8.0
5 24 9.0
5 25 5.0
5 26 5.0
5 27 7.0
5 28 6.0
5 29 4.0
5 30 7.0
5 31 8.0
5 32 2.0
5 33 6.0
5 34 8.0
5 35 0.0
5 36 2.0
5 37 3.0
5 38 7.0
5 39 0.0
5 40 5.0
5 41 6.0
5 42 4.0
5 43 7.0
5 44 0.0
5 45 1.0
5 46 6.0
5 47 4.0
5 48 2.0
5 49 1.0
5 50 5.0
5 51 7.0
5 52 6.0
5 53 1.0
5 54 7.0
5 55 9.0
5 56 4.0
5 57 0.0
5 58 2.0
5 59 2.0
5 60 3.0
5 61 8.0
5 62 3.0
5 63 2.0
5 64 7.0
5 65 2.0
5 66 1.0
5 67 9.0
5 68 7.0
5 69 1.0
5 70 5.0
5 71 7.0
5 72 5.0
5 73 3.0
5 74 5.0
5 75 2.0
5 76 6.0
5 77 8.0
5 78 2.0
5 79 8.0
5 80 7.0
5 81 8.0
5 82 8.0
5 83 7.0
5 84 2.0
5 85 6.0
5 86 4.0
5 87 3.0
5 88 5.0
5 89 6.0
5 90 9.0
5 91 3.0
5 92 1.0
5 93 3.0
5 94 3.0
5 95 9.0
5 96 0.0
5 97 6.0
5 98 8.0
5 99 2.0
5 100 4.0
5 101 1.0
5 102 2.0
5 103 1.0
5 104 5.0
5 105 6.0
5 106 2.0
5 107 6.0
5 108 2.0
5 109 8.0
5 110 9.0
5 111 8.0
5 112 0.0
5 113 5.0
5 114 1.0
5 115 5.0
5 116 4.0
5 117 9.0
5 118 8.0
5 119 6.0
5 120 5.0
5 121 4.0
5 122 3.0
5 123 9.0
5 124 6.0
6 7 6.0
6 8 0.0
6 9 7.0
6 10 6.0
6 11 5.0
6 12 6.0
6 13 6.0
6 14 1.0
6 15 0.0
6 16 4.0
6 17 0.0
6 18 3.0
6 19 8.0
6 20 8.0
6 21 4.0
6 22 1.0
6 23 0.0
6 24 3.0
6 25 1.0
6 26 6.0
6 27 3.0
6 28 6.0
6 29 9.0
6 30 4.0
6 31 0.0
6 32 4.0
6 33 4.0
6 34 2.0
6 35 0.0
6 36 2.0
6 37 7.0
6 38 3.0
6 39 5.0
6 40 0.0
6 41 9.0
6 42 7.0
6 43 2.0
6 44 7.0
6 45 7.0
6 46 0.0
6 47 1.0
6 48 6.0
6 49 4.0
6 50 9.0
6 51 3.0
6 52 9.0
6 53 0.0
6 54 2.0
6 55 5.0
6 56 4.0
6 57 4.0
6 58 1.0
6 59 3.0
6 60 9.0
6 61 9.0
6 62 9.0
6 63 8.0
6 64 3.0
6 65 3.0
6 66 2.0
6 67 4.0
6 68 6.0
6 69 8.0
6 70 5.0
6 71 3.0
6 72 7.0
6 73 2.0
6 74 9.0
6 75 3.0
6 76 6.0
6 77 4.0
6 78 8.0
6 79 2.0
6 80 2.0
6 81 9.0
6 82 1.0
6 83 3.0
6 84 1.0
6 85 8.0
6 86 7.0
6 87 7.0
6 88 5.0
6 89 2.0
6 90 5.0
6 91 2.0
6 92 4.0
6 93 4.0
6 94 9.0
6 95 8.0
6 96 0.0
6 97 8.0
6 98 8.0
6 99 6.0
6 100 4.0
6 101 2.0
6 102 0.0
6 103 7.0
6 104 2.0
6 105 7.0
6 106 1.0
6 107 1.0
6 108 4.0
6 109 4.0
6 110 9.0
6 111 2.0
6 112 5.0
6 113 6.0
6 114 4.0
6 115 9.0
6 116 5.0
6 117 0.0
6 118 4.0
6 119 1.0
6 120 3.0
6 121 8.0
6 122 7.0
6 123 5.0
6 124 0.0
7 8 8.0
7 9 6.0
7 10 0.0
7 11 8.0
7 12 1.0
7 13 2.0
7 14 5.0
7 15 2.0
7 16 6.0
7 17 2.0
7 18 5.0
7 19 5.0
7 20 4.0
7 21 9.0
7 22 7.0
7 23 3.0
7 24 3.0
7 25 8.0
7 26 0.0
7 27 3.0
7 28 1.0
7 29 1.0
7 30 9.0
7 31 5.0
7 32 5.0
7 33 2.0
7 34 2.0
7 35 7.0
7 36 0.0
7 37 6.0
7 38 4.0
7 39 7.0
7 40 0.0
7 41 3.0
7 42 9.0
7 43 0.0
7 44 1.0
7 45 9.0
7 46 7.0
7 47 1.0
7 48 3.0
7 49 3.0
7 50 8.0
7 51 9.0
7 52 8.0
7 53 3.0
7 54 0.0
7 55 0.0
7 56 0.0
7 57 0.0
7 58 0.0
7 59 1.0
7 60 8.0
7 61 6.0
7 62 1.0
7 63 0.0
7 64 5.0
7 65 9.0
7 66 7.0
7 67 0.0
7 68 1.0
7 69 6.0
7 70 3.0
7 71 6.0
7 72 7.0
7 73 3.0
7 74 6.0
7 75 1.0
7 76 6.0
7 77 8.0
7 78 0.0
7 79 5.0
7 80 1.0
7 81 9.0
7 82 3.0
7 83 7.0
7 84 1.0
7 85 3.0
7 86 2.0
7 87 9.0
7 88 7.0
7 89 1.0
7 90 3.0
7 91 9.0
7 92 9.0
7 93 3.0
7 94 5.0
7 95 8.0
7 96 0.0
7 97 4.0
7 98 6.0
7 99 6.0
7 100 3.0
7 101 3.0
7 102 3.0
7 103 2.0
7 104 3.0
7 105 9.0
7 106 2.0
7 107 2.0
7 108 2.0
7 109 5.0
7 110 9.0
7 111 8.0
7 112 6.0
7 113 2.0
7 114 3.0
7 115 8.0
7 116 9.0
7 117 7.0
7 118 9.0
7 119 8.0
7 120 8.0
7 121 8.0
7 122 2.0
7 123 8.0
7 124 8.0
8 9 7.0
8 10 8.0
8 11 5.0
8 12 3.0
8 13 0.0
8 14 5.0
8 15 9.0
8 16 8.0
8 17 4.0
8 18 7.0
8 19 7.0
8 20 7.0
8 21 3.0
8 22 0.0
8 23 0.0
8 24 8.0
8 25 6.0
8 26 8.0
8 27 0.0
8 28 9.0
8 29 7.0
8 30 6.0
8 31 6.0
8 32 2.0
8 33 8.0
8 34 1.0
8 35 6.0
8 36 5.0
8 37 7.0
8 38 8.0
8 39 4.0
8 40 7.0
8 41 3.0
8 42 5.0
8 43 9.0
8 44 7.0
8 45 5.0
8 46 0.0
8 47 8.0
8 48 0.0
8 49 7.0
8 50 3.0
8 51 2.0
8 52 5.0
8 53 1.0
8 54 6.0
8 55 9.0
8 56 2.0
8 57 3.0
8 58 2.0
8 59 3.0
8 60 2.0
8 61 4.0
8 62 4.0
8 63 7.0
8 64 8.0
8 65 5.0
8 66 2.0
8 67 3.0
8 68 6.0
8 69 5.0
8 70 3.0
8 71 2.0
8 72 1.0
8 73 7.0
8 74 3.0
8 75 0.0
8 76 6.0
8 77 0.0
8 78 7.0
8 79 9.0
8 80 8.0
8 81 6.0
8 82 6.0
8 83 8.0
8 84 5.0
8 85 8.0
8 86 4.0
8 87 6.0
8 88 2.0
8 89 7.0
8 90 7.0
8 91 1.0
8 92 0.0
8 93 4.0
8 94 4.0
8 95 0.0
8 96 0.0
8 97 9.0
8 98 1.0
8 99 8.0
8 100 6.0
8 101 9.0
8 102 9.0
8 103 1.0
8 104 2.0
8 105 1.0
8 106 8.0
8 107 4.0
8 108 8.0
8 109 7.0
8 110 1.0
8 111 1.0
8 112 6.0
8 113 6.0
8 114 9.0
8 115 7.0
8 116 2.0
8 117 3.0
8 118 7.0
8 119 7.0
8 120 8.0
8 121 7.0
8 122 6.0
8 123 4.0
8 124 6.0
9 10 0.0
9 11 6.0
9 12 8.0
9 13 8.0
9 14 1.0
9 15 5.0
9 16 7.0
9 17 1.0
9 18 4.0
9 19 2.0
9 20 6.0
9 21 0.0
9 22 3.0
9 23 2.0
9 24 4.0
9 25 7.0
9 26 1.0
9 27 3.0
9 28 0.0
9 29 9.0
9 30 0.0
9 31 9.0
9 32 5.0
9 33 9.0
9 34 3.0
9 35 4.0
9 36 5.0
9 37 6.0
9 38 1.0
9 39 6.0
9 40 9.0
9 41 0.0
9 42 4.0
9 43 6.0
9 44 6.0
9 45 2.0
9 46 5.0
9 47 0.0
9 48 4.0
9 49 2.0
9 50 5.0
9 51 1.0
9 52 4.0
9 53 7.0
9 54 2.0
9 55 3.0
9 56 6.0
9 57 4.0
9 58 7.0
9 59 1.0
9 60 1.0
9 61 8.0
9 62 0.0
9 63 8.0
9 64 8.0
9 65 6.0
9 66 4.0
9 67 8.0
9 68 6.0
9 69 2.0
9 70 1.0
9 71 6.0
9 72 0.0
9 73 9.0
9 74 3.0
9 75 8.0
9 76 3.0
9 77 0.0
9 78 7.0
9 79 4.0
9 80 5.0
9 81 8.0
9 82 6.0
9 83 2.0
9 84 3.0
9 85 7.0
9 86 5.0
9 87 6.0
9 88 1.0
9 89 6.0
9 90 1.0
9 91 0.0
9 92 8.0
9 93 4.0
9 94 4.0
9 95 4.0
9 96 2.0
9 97 0.0
9 98 2.0
9 99 9.0
9 100 3.0
9 101 6.0
9 102 9.0
9 103 4.0
9 104 4.0
9 105 1.0
9 106 1.0
9 107 9.0
9 108 5.0
9 109 4.0
9 110 4.0
9 111 7.0
9 112 6.0
9 113 6.0
9 114 1.0
9 115 3.0
9 116 7.0
9 117 1.0
9 118 2.0
9 119 0.0
9 120 9.0
9 121 5.0
9 122 1.0
9 123 4.0
9 124 2.0
10 11 4.0
10 12 7.0
10 13 1.0
10 14 4.0
10 15 4.0
10 16 0.0
10 17 8.0
10 18 9.0
10 19 9.0
10 20 6.0
10 21 8.0
10 22 1.0
10 23 8.0
10 24 0.0
10 25 4.0
10 26 8.0
10 27 9.0
10 28 6.0
10 29 1.0
10 30 2.0
10 31 7.0
10 32 6.0
10 33 7.0
10 34 3.0
10 35 5.0
10 36 3.0
10 37 4.0
10 38 0.0
10 39 7.0
10 40 2.0
10 41 8.0
10 42 7.0
10 43 6.0
10 44 3.0
10 45 6.0
10 46 5.0
10 47 1.0
10 48 8.0
10 49 8.0
10 50 5.0
10 51 3.0
10 52 5.0
10 53 5.0
10 54 3.0
10 55 7.0
10 56 4.0
10 57 0.0
10 58 3.0
10 59 9.0
10 60 7.0
10 61 5.0
10 62 7.0
10 63 1.0
10 64 6.0
10 65 3.0
10 66 9.0
10 67 9.0
10 68 3.0
10 69 8.0
10 70 9.0
10 71 9.0
10 72 7.0
10 73 7.0
10 74 3.0
10 75 1.0
10 76 1.0
10 77 7.0
10 78 5.0
10 79 2.0
10 80 5.0
10 81 9.0
10 82 1.0
10 83 2.0
10 84 8.0
10 85 1.0
10 86 5.0
10 87 5.0
10 88 7.0
10 89 9.0
10 90 7.0
10 91 4.0
10 92 4.0
10 93 9.0
10 94 6.0
10 95 1.0
10 96 7.0
10 97 8.0
10 98 5.0
10 99 3.0
10 100 5.0
10 101 0.0
10 102 8.0
10 103 1.0
10 104 2.0
10 105 4.0
10 106 1.0
10 107 3.0
10 108 9.0
10 109 4.0
10 110 3.0
10 111 8.0
10 112 2.0
10 113 0.0
10 114 9.0
10 115 5.0
10 116 5.0
10 117 2.0
10 118 9.0
10 119 0.0
10 120 7.0
10 121 2.0
10 122 9.0
10 123 2.0
10 124 0.0
11 12 7.0
11 13 7.0
11 14 6.0
11 15 2.0
11 16 5.0
11 17 0.0
11 18 3.0
11 19 4.0
11 20 8.0
11 21 8.0
11 22 1.0
11 23 6.0
11 24 4.0
11 25 6.0
11 26 0.0
11 27 3.0
11 28 8.0
11 29 4.0
11 30 5.0
11 31 1.0
11 32 0.0
11 33 2.0
11 34 5.0
11 35 5.0
11 36 7.0
11 37 2.0
11 38 7.0
11 39 9.0
11 40 6.0
11 41 3.0
11 42 3.0
11 43 5.0
11 44 8.0
11 45 6.0
11 46 6.0
11 47 4.0
11 48 4.0
11 49 4.0
11 50 2.0
11 51 9.0
11 52 6.0
11 53 6.0
11 54 7.0
11 55 1.0
11 56 9.0
11 57 1.0
11 58 1.0
11 59 6.0
11 60 9.0
11 61 0.0
11 62 8.0
11 63 3.0
11 64 2.0
11 65 5.0
11 66 6.0
11 67 1.0
11 68 4.0
11 69 7.0
11 70 3.0
11 71 6.0
11 72 3.0
11 73 4.0
11 74 9.0
11 75 7.0
11 76 4.0
11 77 4.0
11 78 2.0
11 79 5.0
11 80 2.0
11 81 2.0
11 82 4.0
11 83 7.0
11 84 1.0
11 85 8.0
11 86 8.0
11 87 7.0
11 88 9.0
11 89 7.0
11 90 4.0
11 91 7.0
11 92 7.0
11 93 4.0
11 94 2.0
11 95 4.0
11 96 2.0
11 97 9.0
11 98 5.0
11 99 9.0
11 100 3.0
11 101 2.0
11 102 5.0
11 103 7.0
11 104 6.0
11 105 0.0
11 106 5.0
11 107 0.0
11 108 0.0
11 109 1.0
11 110 0.0
11 111 3.0
11 112 2.0
11 113 6.0
11 114 5.0
11 115 4.0
11 116 8.0
11 117 6.0
11 118 6.0
11 119 8.0
11 120 9.0
11 121 0.0
11 122 2.0
11 123 2.0
11 124 0.0
12 13 4.0
12 14 4.0
12 15 5.0
12 16 0.0
12 17 7.0
12 18 0.0
12 19 9.0
12 20 0.0
12 21 7.0
12 22 4.0
12 23 2.0
12 24 6.0
12 25 3.0
12 26 1.0
12 27 9.0
12 28 0.0
12 29 6.0
12 30 1.0
12 31 7.0
12 32 4.0
12 33 3.0
12 34 3.0
12 35 5.0
12 36 8.0
12 37 6.0
12 38 8.0
12 39 5.0
12 40 0.0
12 41 8.0
12 42 0.0
12 43 9.0
12 44 3.0
12 45 3.0
12 46 7.0
12 47 9.0
12 48 5.0
12 49 7.0
12 50 1.0
12 51 0.0
12 52 7.0
12 53 0.0
12 54 1.0
12 55 9.0
12 56 2.0
12 57 4.0
12 58 5.0
12 59 9.0
12 60 8.0
12 61 2.0
12 62 5.0
12 63 0.0
12 64 4.0
12 65 9.0
12 66 4.0
12 67 6.0
12 68 1.0
12 69 0.0
12 70 7.0
12 71 3.0
12 72 3.0
12 73 0.0
12 74 1.0
12 75 3.0
12 76 3.0
12 77 9.0
12 78 7.0
12 79 2.0
12 80 7.0
12 81 3.0
12 82 1.0
12 83 0.0
12 84 3.0
12 85 7.0
12 86 0.0
12 87 1.0
12 88 4.0
12 89 3.0
12 90 3.0
12 91 2.0
12 92 6.0
12 93 1.0
12 94 6.0
12 95 0.0
12 96 3.0
12 97 3.0
12 98 1.0
12 99 9.0
12 100 5.0
12 101 0.0
12 102 2.0
12 103 3.0
12 104 1.0
12 105 3.0
12 106 0.0
12 107 6.0
12 108 9.0
12 109 9.0
12 110 5.0
12 111 4.0
12 112 8.0
12 113 8.0
12 114 8.0
12 115 9.0
12 116 3.0
12 117 8.0
12 118 8.0
12 119 0.0
12 120 8.0
12 121 4.0
12 122 3.0
12 123 6.0
12 124 2.0
13 14 4.0
13 15 0.0
13 16 0.0
13 17 1.0
13 18 6.0
13 19 6.0
13 20 4.0
13 21 4.0
13 22 6.0
13 23 7.0
13 24 2.0
13 25 4.0
13 26 0.0
13 27 3.0
13 28 9.0
13 29 3.0
13 30 1.0
13 31 6.0
13 32 2.0
13 33 0.0
13 34 8.0
13 35 9.0
13 36 4.0
13 37 3.0
13 38 9.0
13 39 8.0
13 40 3.0
13 41 6.0
13 42 0.0
13 43 2.0
13 44 6.0
13 45 1.0
13 46 6.0
13 47 0.0
13 48 7.0
13 49 4.0
13 50 5.0
13 51 9.0
13 52 2.0
13 53 3.0
13 54 4.0
13 55 1.0
13 56 0.0
13 57 9.0
13 58 1.0
13 59 1.0
13 60 0.0
13 61 1.0
13 62 5.0
13 63 7.0
13 64 9.0
13 65 0.0
13 66 2.0
13 67 5.0
13 68 4.0
13 69 3.0
13 70 0.0
13 71 5.0
13 72 3.0
13 73 9.0
13 74 4.0
13 75 6.0
13 76 6.0
13 77 2.0
13 78 7.0
13 79 2.0
13 80 1.0
13 81 4.0
13 82 9.0
13 83 0.0
13 84 0.0
13 85 1.0
13 86 8.0
13 87 4.0
13 88 8.0
13 89 3.0
13 90 1.0
13 91 2.0
13 92 1.0
13 93 1.0
13 94 5.0
13 95 9.0
13 96 7.0
13 97 9.0
13 98 2.0
13 99 1.0
13 100 5.0
13 101 3.0
13 102 1.0
13 103 6.0
13 104 0.0
13 105 1.0
13 106 5.0
13 107 3.0
13 108 2.0
13 109 3.0
13 110 7.0
13 111 3.0
13 112 2.0
13 113 7.0
13 114 7.0
13 115 9.0
13 116 6.0
13 117 9.0
13 118 6.0
13 119 8.0
13 120 6.0
13 121 6.0
13 122 4.0
13 123 8.0
13 124 3.0
14 15 2.0
14 16 9.0
14 17 0.0
14 18 9.0
14 19 6.0
14 20 1.0
14 21 2.0
14 22 1.0
14 23 5.0
14 24 5.0
14 25 3.0
14 26 1.0
14 27 8.0
14 28 8.0
14 29 7.0
14 30 0.0
14 31 2.0
14 32 4.0
14 33 8.0
14 34 5.0
14 35 1.0
14 36 8.0
14 37 0.0
14 38 5.0
14 39 5.0
14 40 2.0
14 41 6.0
14 42 5.0
14 43 3.0
14 44 1.0
14 45 9.0
14 46 7.0
14 47 7.0
14 48 5.0
14 49 3.0
14 50 3.0
14 51 1.0
14 52 3.0
14 53 2.0
14 54 9.0
14 55 2.0
14 56 5.0
14 57 1.0
14 58 0.0
14 59 7.0
14 60 1.0
14 61 0.0
14 62 0.0
14 63 9.0
14 64 6.0
14 65 0.0
14 66 1.0
14 67 0.0
14 68 8.0
14 69 6.0
14 70 9.0
14 71 9.0
14 72 1.0
14 73 5.0
14 74 8.0
14 75 7.0
14 76 8.0
14 77 3.0
14 78 3.0
14 79 3.0
14 80 3.0
14 81 4.0
14 82 8.0
14 83 5.0
14 84 5.0
14 85 0.0
14 86 1.0
14 87 3.0
14 88 1.0
14 89 9.0
14 90 0.0
14 91 7.0
14 92 9.0
14 93 0.0
14 94 2.0
14 95 6.0
14 96 8.0
14 97 7.0
14 98 0.0
14 99 8.0
14 100 9.0
14 101 3.0
14 102 0.0
14 103 3.0
14 104 9.0
14 105 5.0
14 106 1.0
14 107 0.0
14 108 2.0
14 109 9.0
14 110 1.0
14 111 2.0
14 112 0.0
14 113 1.0
14 114 9.0
14 115 5.0
14 116 4.0
14 117 6.0
14 118 9.0
14 119 5.0
14 120 4.0
14 121 4.0
14 122 7.0
14 123 7.0
14 124 4.0
15 16 2.0
15 17 6.0
15 18 8.0
15 19 1.0
15 20 4.0
15 21 5.0
15 22 1.0
15 23 6.0
15 24 5.0
15 25 9.0
15 26 2.0
15 27 5.0
15 28 7.0
15 29 5.0
15 30 7.0
15 31 4.0
15 32 1.0
15 33 4.0
15 34 0.0
15 35 2.0
15 36 2.0
15 37 6.0
15 38 7.0
15 39 1.0
15 40 0.0
15 41 6.0
15 42 6.0
15 43 0.0
15 44 5.0
15 45 7.0
15 46 9.0
15 47 3.0
15 48 4.0
15 49 5.0
15 50 3.0
15 51 5.0
15 52 2.0
15 53 8.0
15 54 3.0
15 55 1.0
15 56 0.0
15 57 4.0
15 58 0.0
15 59 9.0
15 60 4.0
15 61 4.0
15 62 7.0
15 63 9.0
15 64 7.0
15 65 6.0
15 66 9.0
15 67 6.0
15 68 1.0
15 69 2.0
15 70 6.0
15 71 7.0
15 72 0.0
15 73 5.0
15 74 2.0
15 75 9.0
15 76 5.0
15 77 0.0
15 78 2.0
15 79 3.0
15 80 4.0
15 81 6.0
15 82 2.0
15 83 7.0
15 84 4.0
15 85 5.0
15 86 0.0
15 87 0.0
15 88 8.0
15 89 6.0
15 90 9.0
15 91 8.0
15 92 7.0
15 93 2.0
15 94 0.0
15 95 4.0
15 96 3.0
15 97 9.0
15 98 9.0
15 99 2.0
15 100 3.0
15 101 5.0
15 102 7.0
15 103 3.0
15 104 1.0
15 105 2.0
15 106 3.0
15 107 6.0
15 108 2.0
15 109 7.0
15 110 1.0
15 111 5.0
15 112 5.0
15 113 8.0
15 114 3.0
15 115 2.0
15 116 1.0
15 117 2.0
15 118 4.0
15 119 6.0
15 120 4.0
15 121 9.0
15 122 8.0
15 123 8.0
15 124 9.0
16 17 3.0
16 18 9.0
16 19 8.0
16 20 7.0
16 21 8.0
16 22 5.0
16 23 6.0
16 24 6.0
16 25 7.0
16 26 9.0
16 27 0.0
16 28 5.0
16 29 9.0
16 30 4.0
16 31 1.0
16 32 5.0
16 33 4.0
16 34 6.0
16 35 5.0
16 36 6.0
16 37 2.0
16 38 6.0
16 39 0.0
16 40 4.0
16 41 6.0
16 42 9.0
16 43 9.0
16 44 0.0
16 45 9.0
16 46 9.0
16 47 3.0
16 48 1.0
16 49 9.0
16 50 5.0
16 51 0.0
16 52 4.0
16 53 6.0
16 54 2.0
16 55 9.0
16 56 3.0
16 57 1.0
16 58 4.0
16 59 1.0
16 60 8.0
16 61 5.0
16 62 0.0
16 63 5.0
16 64 7.0
16 65 3.0
16 66 4.0
16 67 8.0
16 68 9.0
16 69 3.0
16 70 5.0
16 71 8.0
16 72 2.0
16 73 8.0
16 74 5.0
16 75 2.0
16 76 8.0
16 77 9.0
16 78 4.0
16 79 9.0
16 80 1.0
16 81 6.0
16 82 0.0
16 83 5.0
16 84 6.0
16 85 1.0
16 86 8.0
16 87 3.0
16 88 5.0
16 89 0.0
16 90 6.0
16 91 5.0
16 92 8.0
16 93 1.0
16 94 8.0
16 95 8.0
16 96 1.0
16 97 6.0
16 98 6.0
16 99 5.0
16 100 9.0
16 101 5.0
16 102 6.0
16 103 8.0
16 104 1.0
16 105 1.0
16 106 1.0
16 107 6.0
16 108 0.0
16 109 2.0
16 110 1.0
16 111 0.0
16 112 4.0
16 113 9.0
16 114 5.0
16 115 6.0
16 116 9.0
16 117 1.0
16 118 7.0
16 119 3.0
16 120 6.0
16 121 5.0
16 122 7.0
16 123 9.0
16 124 7.0
17 18 4.0
17 19 0.0
17 20 6.0
17 21 0.0
17 22 6.0
17 23 3.0
17 24 9.0
17 25 0.0
17 26 9.0
17 27 0.0
17 28 0.0
17 29 8.0
17 30 0.0
17 31 9.0
17 32 4.0
17 33 8.0
17 34 6.0
17 35 9.0
17 36 0.0
17 37 9.0
17 38 7.0
17 39 9.0
17 40 9.0
17 41 1.0
17 42 7.0
17 43 3.0
17 44 8.0
17 45 9.0
17 46 8.0
17 47 8.0
17 48 6.0
17 49 9.0
17 50 7.0
17 51 0.0
17 52 9.0
17 53 6.0
17 54 4.0
17 55 1.0
17 56 0.0
17 57 4.0
17 58 7.0
17 59 2.0
17 60 0.0
17 61 6.0
17 62 1.0
17 63 9.0
17 64 8.0
17 65 2.0
17 66 9.0
17 67 7.0
17 68 5.0
17 69 1.0
17 70 9.0
17 71 2.0
17 72 3.0
17 73 6.0
17 74 3.0
17 75 6.0
17 76 2.0
17 77 9.0
17 78 7.0
17 79 9.0
17 80 1.0
17 81 0.0
17 82 3.0
17 83 6.0
17 84 3.0
17 85 0.0
17 86 5.0
17 87 2.0
17 88 0.0
17 89 4.0
17 90 7.0
17 91 8.0
17 92 0.0
17 93 9.0
17 94 5.0
17 95 0.0
17 96 0.0
17 97 9.0
17 98 6.0
17 99 4.0
17 100 3.0
17 101 5.0
17 102 9.0
17 103 9.0
17 104 8.0
17 105 6.0
17 106 9.0
17 107 1.0
17 108 3.0
17 109 5.0
17 110 7.0
17 111 0.0
17 112 1.0
17 113 5.0
17 114 6.0
17 115 2.0
17 116 6.0
17 117 3.0
17 118 9.0
17 119 3.0
17 120 8.0
17 121 8.0
17 122 8.0
17 123 2.0
17 124 0.0
18 19 8.0
18 20 8.0
18 21 3.0
18 22 9.0
18 23 3.0
18 24 7.0
18 25 8.0
18 26 2.0
18 27 9.0
18 28 9.0
18 29 5.0
18 30 7.0
18 31 0.0
18 32 4.0
18 33 6.0
18 34 9.0
18 35 2.0
18 36 5.0
18 37 8.0
18 38 8.0
18 39 0.0
18 40 0.0
18 41 1.0
18 42 0.0
18 43 0.0
18 44 8.0
18 45 6.0
18 46 1.0
18 47 3.0
18 48 4.0
18 49 4.0
18 50 6.0
18 51 2.0
18 52 7.0
18 53 5.0
18 54 4.0
18 55 6.0
18 56 3.0
18 57 3.0
18 58 8.0
18 59 8.0
18 60 7.0
18 61 6.0
18 62 6.0
18 63 8.0
18 64 1.0
18 65 9.0
18 66 2.0
18 67 7.0
18 68 0.0
18 69 8.0
18 70 9.0
18 71 3.0
18 72 1.0
18 73 4.0
18 74 2.0
18 75 0.0
18 76 5.0
18 77 1.0
18 78 0.0
18 79 6.0
18 80 8.0
18 81 8.0
18 82 6.0
18 83 0.0
18 84 5.0
18 85 8.0
18 86 6.0
18 87 9.0
18 88 0.0
18 89 3.0
18 90 9.0
18 91 1.0
18 92 2.0
18 93 7.0
18 94 2.0
18 95 4.0
18 96 8.0
18 97 5.0
18 98 0.0
18 99 1.0
18 100 6.0
18 101 5.0
18 102 1.0
18 103 5.0
18 104 3.0
18 105 9.0
18 106 0.0
18 107 7.0
18 108 5.0
18 109 8.0
18 110 0.0
18 111 2.0
18 112 4.0
18 113 7.0
18 114 8.0
18 115 9.0
18 116 2.0
18 117 9.0
18 118 2.0
18 119 9.0
18 120 0.0
18 121 1.0
18 122 5.0
18 123 7.0
18 124 9.0
19 20 9.0
19 21 5.0
19 22 5.0
19 23 7.0
19 24 4.0
19 25 9.0
19 26 4.0
19 27 1.0
19 28 4.0
19 29 7.0
19 30 8.0
19 31 4.0
19 32 2.0
19 33 5.0
19 34 6.0
19 35 5.0
19 36 6.0
19 37 3.0
19 38 4.0
19 39 0.0
19 40 2.0
19 41 6.0
19 42 0.0
19 43 9.0
19 44 5.0
19 45 4.0
19 46 4.0
19 47 6.0
19 48 6.0
19 49 1.0
19 50 3.0
19 51 1.0
19 52 9.0
19 53 8.0
19 54 8.0
19 55 3.0
19 56 4.0
19 57 9.0
19 58 3.0
19 59 2.0
19 60 7.0
19 61 3.0
19 62 5.0
19 63 2.0
19 64 5.0
19 65 3.0
19 66 3.0
19 67 9.0
19 68 4.0
19 69 9.0
19 70 4.0
19 71 7.0
19 72 7.0
19 73 8.0
19 74 4.0
19 75 4.0
19 76 6.0
19 77 8.0
19 78 7.0
19 79 3.0
19 80 7.0
19 81 3.0
19 82 7.0
19 83 1.0
19 84 4.0
19 85 5.0
19 86 5.0
19 87 6.0
19 88 0.0
19 89 2.0
19 90 9.0
19 91 1.0
19 92 4.0
19 93 3.0
19 94 5.0
19 95 8.0
19 96 2.0
19 97 0.0
19 98 6.0
19 99 7.0
19 100 1.0
19 101 5.0
19 102 9.0
19 103 6.0
19 104 1.0
19 105 2.0
19 106 7.0
19 107 3.0
19 108 9.0
19 109 9.0
19 110 0.0
19 111 9.0
19 112 4.0
19 113 6.0
19 114 2.0
19 115 3.0
19 116 6.0
19 117 3.0
19 118 5.0
19 119 5.0
19 120 8.0
19 121 7.0
19 122 3.0
19 123 3.0
19 124 8.0
20 21 4.0
20 22 2.0
20 23 0.0
20 24 6.0
20 25 9.0
20 26 7.0
20 27 4.0
20 28 5.0
20 29 6.0
20 30 3.0
20 31 1.0
20 32 5.0
20 33 0.0
20 34 6.0
20 35 0.0
20 36 5.0
20 37 0.0
20 38 7.0
20 39 6.0
20 40 1.0
20 41 2.0
20 42 7.0
20 43 3.0
20 44 7.0
20 45 9.0
20 46 2.0
20 47 5.0
20 48 6.0
20 49 7.0
20 50 6.0
20 51 5.0
20 52 6.0
20 53 6.0
20 54 6.0
20 55 0.0
20 56 3.0
20 57 4.0
20 58 7.0
20 59 7.0
20 60 5.0
20 61 3.0
20 62 2.0
20 63 8.0
20 64 4.0
20 65 4.0
20 66 6.0
20 67 7.0
20 68 5.0
20 69 4.0
20 70 9.0
20 71 9.0
20 72 6.0
20 73 6.0
20 74 1.0
20 75 1.0
20 76 0.0
20 77 8.0
20 78 8.0
20 79 9.0
20 80 9.0
20 81 0.0
20 82 8.0
20 83 9.0
20 84 3.0
20 85 3.0
20 86 0.0
20 87 9.0
20 88 3.0
20 89 4.0
20 90 4.0
20 91 4.0
20 92 4.0
20 93 6.0
20 94 6.0
20 95 8.0
20 96 0.0
20 97 5.0
20 98 0.0
20 99 8.0
20 100 7.0
20 101 7.0
20 102 0.0
20 103 2.0
20 104 7.0
20 105 4.0
20 106 3.0
20 107 6.0
20 108 6.0
20 109 7.0
20 110 8.0
20 111 4.0
20 112 3.0
20 113 5.0
20 114 0.0
20 115 8.0
20 116 0.0
20 117 4.0
20 118 2.0
20 119 4.0
20 120 3.0
20 121 8.0
20 122 0.0
20 123 7.0
20 124 2.0
21 22 6.0
21 23 2.0
21 24 7.0
21 25 3.0
21 26 1.0
21 27 7.0
21 28 8.0
21 29 9.0
21 30 6.0
21 31 3.0
21 32 5.0
21 33 1.0
21 34 2.0
21 35 6.0
21 36 7.0
21 37 0.0
21 38 3.0
21 39 6.0
21 40 3.0
21 41 6.0
21 42 3.0
21 43 5.0
21 44 4.0
21 45 1.0
21 46 2.0
21 47 4.0
21 48 1.0
21 49 5.0
21 50 8.0
21 51 9.0
21 52 3.0
21 53 8.0
21 54 4.0
21 55 6.0
21 56 0.0
21 57 7.0
21 58 9.0
21 59 9.0
21 60 0.0
21 61 6.0
21 62 0.0
21 63 7.0
21 64 5.0
21 65 5.0
21 66 8.0
21 67 0.0
21 68 5.0
21 69 7.0
21 70 1.0
21 71 7.0
21 72 5.0
21 73 1.0
21 74 4.0
21 75 6.0
21 76 0.0
21 77 1.0
21 78 1.0
21 79 6.0
21 80 6.0
21 81 3.0
21 82 4.0
21 83 5.0
21 84 3.0
21 85 7.0
21 86 3.0
21 87 9.0
21 88 7.0
21 89 3.0
21 90 5.0
21 91 7.0
21 92 6.0
21 93 3.0
21 94 0.0
21 95 2.0
21 96 5.0
21 97 8.0
21 98 3.0
21 99 2.0
21 100 0.0
21 101 9.0
21 102 1.0
21 103 4.0
21 104 1.0
21 105 2.0
21 106 7.0
21 107 4.0
21 108 1.0
21 109 8.0
21 110 6.0
21 111 6.0
21 112 1.0
21 113 2.0
21 114 6.0
21 115 5.0
21 116 5.0
21 117 1.0
21 118 3.0
21 119 2.0
21 120 4.0
21 121 9.0
21 122 8.0
21 123 6.0
21 124 4.0
22 23 9.0
22 24 8.0
22 25 2.0
22 26 5.0
22 27 8.0
22 28 0.0
22 29 7.0
22 30 2.0
22 31 4.0
22 32 7.0
22 33 7.0
22 34 4.0
22 35 5.0
22 36 4.0
22 37 5.0
22 38 5.0
22 39 9.0
22 40 3.0
22 41 0.0
22 42 9.0
22 43 2.0
22 44 8.0
22 45 7.0
22 46 0.0
22 47 3.0
22 48 9.0
22 49 6.0
22 50 6.0
22 51 7.0
22 52 8.0
22 53 9.0
22 54 6.0
22 55 5.0
22 56 8.0
22 57 6.0
22 58 3.0
22 59 3.0
22 60 0.0
22 61 0.0
22 62 0.0
22 63 5.0
22 64 8.0
22 65 0.0
22 66 0.0
22 67 5.0
22 68 7.0
22 69 6.0
22 70 4.0
22 71 1.0
22 72 7.0
22 73 9.0
22 74 3.0
22 75 1.0
22 76 6.0
22 77 4.0
22 78 9.0
22 79 4.0
22 80 9.0
22 81 0.0
22 82 2.0
22 83 6.0
22 84 3.0
22 85 5.0
22 86 4.0
22 87 3.0
22 88 9.0
22 89 4.0
22 90 4.0
22 91 7.0
22 92 2.0
22 93 4.0
22 94 3.0
22 95 6.0
22 96 4.0
22 97 4.0
22 98 6.0
22 99 6.0
22 100 2.0
22 101 8.0
22 102 9.0
22 103 8.0
22 104 5.0
22 105 3.0
22 106 9.0
22 107 6.0
22 108 8.0
22 109 7.0
22 110 2.0
22 111 9.0
22 112 4.0
22 113 0.0
22 114 4.0
22 115 4.0
22 116 1.0
22 117 0.0
22 118 6.0
22 119 0.0
22 120 4.0
22 121 0.0
22 122 6.0
22 123 9.0
22 124 6.0
23 24 9.0
23 25 6.0
23 26 3.0
23 27 7.0
23 28 9.0
23 29 4.0
23 30 4.0
23 31 1.0
23 32 4.0
23 33 5.0
23 34 0.0
23 35 0.0
23 36 0.0
23 37 3.0
23 38 5.0
23 39 2.0
23 40 3.0
23 41 5.0
23 42 2.0
23 43 3.0
23 44 9.0
23 45 8.0
23 46 9.0
23 47 6.0
23 48 9.0
23 49 5.0
23 50 3.0
23 51 6.0
23 52 0.0
23 53 1.0
23 54 2.0
23 55 8.0
23 56 4.0
23 57 3.0
23 58 4.0
23 59 8.0
23 60 3.0
23 61 6.0
23 62 1.0
23 63 2.0
23 64 3.0
23 65 4.0
23 66 3.0
23 67 6.0
23 68 6.0
23 69 6.0
23 70 2.0
23 71 4.0
23 72 7.0
23 73 1.0
23 74 8.0
23 75 5.0
23 76 3.0
23 77 7.0
23 78 4.0
23 79 4.0
23 80 1.0
23 81 2.0
23 82 0.0
23 83 8.0
23 84 6.0
23 85 9.0
23 86 9.0
23 87 4.0
23 88 6.0
23 89 8.0
23 90 2.0
23 91 1.0
23 92 0.0
23 93 5.0
23 94 6.0
23 95 1.0
23 96 7.0
23 97 9.0
23 98 1.0
23 99 8.0
23 100 5.0
23 101 7.0
23 102 2.0
23 103 7.0
23 104 9.0
23 105 9.0
23 106 8.0
23 107 9.0
23 108 4.0
23 109 1.0
23 110 9.0
23 111 9.0
23 112 5.0
23 113 1.0
23 114 0.0
23 115 5.0
23 116 8.0
23 117 6.0
23 118 8.0
23 119 9.0
23 120 6.0
23 121 6.0
23 122 4.0
23 123 7.0
23 124 8.0
24 25 2.0
24 26 3.0
24 27 8.0
24 28 3.0
24 29 4.0
24 30 4.0
24 31 7.0
24 32 2.0
24 33 8.0
24 34 7.0
24 35 4.0
24 36 2.0
24 37 5.0
24 38 6.0
24 39 3.0
24 40 0.0
24 41 3.0
24 42 8.0
24 43 9.0
24 44 6.0
24 45 8.0
24 46 4.0
24 47 4.0
24 48 5.0
24 49 3.0
24 50 5.0
24 51 2.0
24 52 3.0
24 53 4.0
24 54 5.0
24 55 7.0
24 56 7.0
24 57 9.0
24 58 6.0
24 59 1.0
24 60 0.0
24 61 6.0
24 62 8.0
24 63 0.0
24 64 1.0
24 65 7.0
24 66 5.0
24 67 5.0
24 68 6.0
24 69 0.0
24 70 7.0
24 71 6.0
24 72 4.0
24 73 7.0
24 74 8.0
24 75 0.0
24 76 8.0
24 77 3.0
24 78 8.0
24 79 9.0
24 80 9.0
24 81 7.0
24 82 4.0
24 83 9.0
24 84 8.0
24 85 4.0
24 86 1.0
24 87 6.0
24 88 0.0
24 89 8.0
24 90 8.0
24 91 8.0
24 92 3.0
24 93 0.0
24 94 9.0
24 95 3.0
24 96 8.0
24 97 2.0
24 98 7.0
24 99 1.0
24 100 7.0
24 101 3.0
24 102 9.0
24 103 0.0
24 104 4.0
24 105 9.0
24 106 7.0
24 107 7.0
24 108 8.0
24 109 6.0
24 110 9.0
24 111 0.0
24 112 4.0
24 113 9.0
24 114 8.0
24 115 9.0
24 116 3.0
24 117 2.0
24 118 5.0
24 119 3.0
24 120 7.0
24 121 8.0
24 122 1.0
24 123 7.0
24 124 5.0
25 26 6.0
25 27 5.0
25 28 8.0
25 29 5.0
25 30 0.0
25 31 5.0
25 32 4.0
25 33 7.0
25 34 6.0
25 35 5.0
25 36 6.0
25 37 6.0
25 38 0.0
25 39 7.0
25 40 7.0
25 41 2.0
25 42 3.0
25 43 6.0
25 44 8.0
25 45 2.0
25 46 8.0
25 47 3.0
25 48 8.0
25 49 7.0
25 50 9.0
25 51 4.0
25 52 5.0
25 53 0.0
25 54 1.0
25 55 7.0
25 56 1.0
25 57 3.0
25 58 3.0
25 59 2.0
25 60 8.0
25 61 0.0
25 62 4.0
25 63 3.0
25 64 3.0
25 65 4.0
25 66 5.0
25 67 6.0
25 68 7.0
25 69 6.0
25 70 6.0
25 71 6.0
25 72 8.0
25 73 2.0
25 74 7.0
25 75 7.0
25 76 1.0
25 77 7.0
25 78 8.0
25 79 5.0
25 80 0.0
25 81 5.0
25 82 4.0
25 83 2.0
25 84 5.0
25 85 5.0
25 86 4.0
25 87 7.0
25 88 2.0
25 89 1.0
25 90 3.0
25 91 2.0
25 92 8.0
25 93 7.0
25 94 0.0
25 95 5.0
25 96 4.0
25 97 1.0
25 98 1.0
25 99 1.0
25 100 8.0
25 101 0.0
25 102 0.0
25 103 9.0
25 104 3.0
25 105 8.0
25 106 4.0
25 107 9.0
25 108 4.0
25 109 6.0
25 110 9.0
25 111 9.0
25 112 2.0
25 113 1.0
25 114 4.0
25 115 2.0
25 116 2.0
25 117 0.0
25 118 9.0
25 119 5.0
25 120 5.0
25 121 2.0
25 122 6.0
25 123 1.0
25 124 3.0
26 27 5.0
26 28 4.0
26 29 4.0
26 30 4.0
26 31 6.0
26 32 5.0
26 33 7.0
26 34 9.0
26 35 1.0
26 36 7.0
26 37 2.0
26 38 7.0
26 39 6.0
26 40 7.0
26 41 1.0
26 42 3.0
26 43 5.0
26 44 0.0
26 45 5.0
26 46 0.0
26 47 6.0
26 48 5.0
26 49 9.0
26 50 5.0
26 51 4.0
26 52 4.0
26 53 5.0
26 54 4.0
26 55 7.0
26 56 3.0
26 57 6.0
26 58 4.0
26 59 8.0
26 60 5.0
26 61 8.0
26 62 5.0
26 63 5.0
26 64 7.0
26 65 0.0
26 66 5.0
26 67 9.0
26 68 9.0
26 69 3.0
26 70 8.0
26 71 9.0
26 72 3.0
26 73 0.0
26 74 3.0
26 75 4.0
26 76 3.0
26 77 7.0
26 78 5.0
26 79 2.0
26 80 3.0
26 81 5.0
26 82 7.0
26 83 5.0
26 84 0.0
26 85 8.0
26 86 6.0
26 87 5.0
26 88 1.0
26 89 3.0
26 90 5.0
26 91 2.0
26 92 7.0
26 93 3.0
26 94 1.0
26 95 2.0
26 96 6.0
26 97 5.0
26 98 9.0
26 99 6.0
26 100 6.0
26 101 9.0
26 102 9.0
26 103 1.0
26 104 2.0
26 105 6.0
26 106 8.0
26 107 5.0
26 108 0.0
26 109 5.0
26 110 5.0
26 111 9.0
26 112 3.0
26 113 7.0
26 114 3.0
26 115 1.0
26 116 3.0
26 117 2.0
26 118 9.0
26 119 3.0
26 120 9.0
26 121 6.0
26 122 2.0
26 123 3.0
26 124 6.0
27 28 2.0
27 29 4.0
27 30 0.0
27 31 4.0
27 32 8.0
27 33 4.0
27 34 8.0
27 35 8.0
27 36 0.0
27 37 0.0
27 38 1.0
27 39 7.0
27 40 9.0
27 41 9.0
27 42 6.0
27 43 4.0
27 44 4.0
27 45 0.0
27 46 4.0
27 47 2.0
27 48 8.0
27 49 6.0
27 50 8.0
27 51 2.0
27 52 1.0
27 53 4.0
27 54 1.0
27 55 7.0
27 56 2.0
27 57 6.0
27 58 9.0
27 59 3.0
27 60 9.0
27 61 8.0
27 62 7.0
27 63 5.0
27 64 8.0
27 65 7.0
27 66 9.0
27 67 0.0
27 68 2.0
27 69 1.0
27 70 8.0
27 71 4.0
27 72 7.0
27 73 7.0
27 74 5.0
27 75 5.0
27 76 3.0
27 77 0.0
27 78 2.0
27 79 6.0
27 80 7.0
27 81 5.0
27 82 4.0
27 83 3.0
27 84 5.0
27 85 2.0
27 86 2.0
27 87 1.0
27 88 0.0
27 89 0.0
27 90 5.0
27 91 7.0
27 92 4.0
27 93 9.0
27 94 8.0
27 95 3.0
27 96 0.0
27 97 5.0
27 98 3.0
27 99 3.0
27 100 8.0
27 101 0.0
27 102 4.0
27 103 0.0
27 104 3.0
27 105 7.0
27 106 5.0
27 107 5.0
27 108 7.0
27 109 1.0
27 110 9.0
27 111 9.0
27 112 8.0
27 113 4.0
27 114 9.0
27 115 2.0
27 116 5.0
27 117 3.0
27 118 3.0
27 119 2.0
27 120 4.0
27 121 7.0
27 122 5.0
27 123 6.0
27 124 8.0
28 29 3.0
28 30 0.0
28 31 4.0
28 32 4.0
28 33 4.0
28 34 8.0
28 35 7.0
28 36 0.0
28 37 7.0
28 38 2.0
28 39 6.0
28 40 5.0
28 41 6.0
28 42 4.0
28 43 6.0
28 44 8.0
28 45 7.0
28 46 1.0
28 47 3.0
28 48 9.0
28 49 0.0
28 50 0.0
28 51 1.0
28 52 5.0
28 53 7.0
28 54 1.0
28 55 9.0
28 56 3.0
28 57 3.0
28 58 9.0
28 59 8.0
28 60 9.0
28 61 4.0
28 62 4.0
28 63 6.0
28 64 5.0
28 65 4.0
28 66 1.0
28 67 4.0
28 68 4.0
28 69 0.0
28 70 6.0
28 71 5.0
28 72 7.0
28 73 9.0
28 74 8.0
28 75 4.0
28 76 4.0
28 77 6.0
28 78 4.0
28 79 6.0
28 80 6.0
28 81 7.0
28 82 3.0
28 83 6.0
28 84 9.0
28 85 6.0
28 86 3.0
28 87 3.0
28 88 0.0
28 89 9.0
28 90 9.0
28 91 4.0
28 92 7.0
28 93 6.0
28 94 7.0
28 95 7.0
28 96 0.0
28 97 7.0
28 98 0.0
28 99 0.0
28 100 1.0
28 101 3.0
28 102 0.0
28 103 2.0
28 104 4.0
28 105 3.0
28 106 2.0
28 107 9.0
28 108 1.0
28 109 7.0
28 110 1.0
28 111 0.0
28 112 2.0
28 113 0.0
28 114 0.0
28 115 1.0
28 116 2.0
28 117 8.0
28 118 8.0
28 119 2.0
28 120 0.0
28 121 1.0
28 122 9.0
28 123 5.0
28 124 7.0
29 30 2.0
29 31 5.0
29 32 3.0
29 33 0.0
29 34 7.0
29 35 7.0
29 36 8.0
29 37 3.0
29 38 0.0
29 39 3.0
29 40 7.0
29 41 5.0
29 42 3.0
29 43 3.0
29 44 4.0
29 45 6.0
29 46 4.0
29 47 3.0
29 48 2.0
29 49 9.0
29 50 3.0
29 51 3.0
29 52 4.0
29 53 8.0
29 54 7.0
29 55 6.0
29 56 0.0
29 57 8.0
29 58 5.0
29 59 6.0
29 60 9.0
29 61 5.0
29 62 0.0
29 63 3.0
29 64 6.0
29 65 1.0
29 66 5.0
29 67 1.0
29 68 9.0
29 69 2.0
29 70 1.0
29 71 0.0
29 72 2.0
29 73 9.0
29 74 2.0
29 75 3.0
29 76 7.0
29 77 8.0
29 78 8.0
29 79 4.0
29 80 5.0
29 81 7.0
29 82 1.0
29 83 6.0
29 84 7.0
29 85 0.0
29 86 9.0
29 87 0.0
29 88 6.0
29 89 4.0
29 90 6.0
29 91 2.0
29 92 4.0
29 93 3.0
29 94 7.0
29 95 7.0
29 96 1.0
29 97 2.0
29 98 6.0
29 99 7.0
29 100 1.0
29 101 3.0
29 102 0.0
29 103 3.0
29 104 7.0
29 105 9.0
29 106 9.0
29 107 9.0
29 108 4.0
29 109 4.0
29 110 3.0
29 111 2.0
29 112 7.0
29 113 9.0
29 114 1.0
29 115 8.0
29 116 8.0
29 117 8.0
29 118 5.0
29 119 9.0
29 120 2.0
29 121 4.0
29 122 6.0
29 123 0.0
29 124 5.0
30 31 0.0
30 32 5.0
30 33 7.0
30 34 6.0
30 35 2.0
30 36 7.0
30 37 3.0
30 38 4.0
30 39 0.0
30 40 9.0
30 41 3.0
30 42 9.0
30 43 5.0
30 44 1.0
30 45 5.0
30 46 4.0
30 47 0.0
30 48 0.0
30 49 2.0
30 50 8.0
30 51 8.0
30 52 8.0
30 53 7.0
30 54 9.0
30 55 6.0
30 56 4.0
30 57 9.0
30 58 1.0
30 59 5.0
30 60 9.0
30 61 5.0
30 62 2.0
30 63 4.0
30 64 9.0
30 65 3.0
30 66 8.0
30 67 7.0
30 68 7.0
30 69 4.0
30 70 1.0
30 71 1.0
30 72 4.0
30 73 3.0
30 74 4.0
30 75 3.0
30 76 0.0
30 77 9.0
30 78 3.0
30 79 8.0
30 80 3.0
30 81 8.0
30 82 8.0
30 83 3.0
30 84 9.0
30 85 3.0
30 86 4.0
30 87 4.0
30 88 8.0
30 89 7.0
30 90 8.0
30 91 2.0
30 92 8.0
30 93 4.0
30 94 7.0
30 95 5.0
30 96 1.0
30 97 6.0
30 98 8.0
30 99 4.0
30 100 1.0
30 101 0.0
30 102 7.0
30 103 1.0
30 104 6.0
30 105 0.0
30 106 7.0
30 107 2.0
30 108 7.0
30 109 8.0
30 110 3.0
30 111 0.0
30 112 3.0
30 113 5.0
30 114 3.0
30 115 2.0
30 116 9.0
30 117 4.0
30 118 4.0
30 119 0.0
30 120 6.0
30 121 1.0
30 122 1.0
30 123 0.0
30 124 6.0
31 32 3.0
31 33 5.0
31 34 2.0
31 35 4.0
31 36 8.0
31 37 2.0
31 38 6.0
31 39 3.0
31 40 2.0
31 41 0.0
31 42 0.0
31 43 1.0
31 44 7.0
31 45 5.0
31 46 5.0
31 47 0.0
31 48 6.0
31 49 1.0
31 50 4.0
31 51 5.0
31 52 2.0
31 53 9.0
31 54 0.0
31 55 1.0
31 56 0.0
31 57 5.0
31 58 5.0
31 59 9.0
31 60 0.0
31 61 3.0
31 62 4.0
31 63 4.0
31 64 7.0
31 65 7.0
31 66 5.0
31 67 7.0
31 68 9.0
31 69 6.0
31 70 7.0
31 71 4.0
31 72 0.0
31 73 4.0
31 74 8.0
31 75 8.0
31 76 5.0
31 77 2.0
31 78 1.0
31 79 8.0
31 80 8.0
31 81 8.0
31 82 1.0
31 83 5.0
31 84 3.0
31 85 1.0
31 86 8.0
31 87 0.0
31 88 6.0
31 89 7.0
31 90 4.0
31 91 3.0
31 92 2.0
31 93 4.0
31 94 6.0
31 95 7.0
31 96 8.0
31 97 9.0
31 98 4.0
31 99 2.0
31 100 9.0
31 101 9.0
31 102 0.0
31 103 1.0
31 104 1.0
31 105 7.0
31 106 9.0
31 107 3.0
31 108 6.0
31 109 2.0
31 110 5.0
31 111 9.0
31 112 3.0
31 113 2.0
31 114 0.0
31 115 6.0
31 116 5.0
31 117 1.0
31 118 0.0
31 119 5.0
31 120 0.0
31 121 7.0
31 122 5.0
31 123 3.0
31 124 5.0
32 33 9.0
32 34 7.0
32 35 0.0
32 36 9.0
32 37 3.0
32 38 1.0
32 39 1.0
32 40 4.0
32 41 6.0
32 42 4.0
32 43 1.0
32 44 6.0
32 45 8.0
32 46 3.0
32 47 5.0
32 48 9.0
32 49 6.0
32 50 3.0
32 51 4.0
32 52 6.0
32 53 5.0
32 54 2.0
32 55 9.0
32 56 3.0
32 57 4.0
32 58 9.0
32 59 7.0
32 60 0.0
32 61 3.0
32 62 3.0
32 63 9.0
32 64 6.0
32 65 7.0
32 66 8.0
32 67 8.0
32 68 1.0
32 69 9.0
32 70 4.0
32 71 4.0
32 72 5.0
32 73 7.0
32 74 5.0
32 75 8.0
32 76 7.0
32 77 4.0
32 78 1.0
32 79 0.0
32 80 5.0
32 81 9.0
32 82 8.0
32 83 8.0
32 84 0.0
32 85 0.0
32 86 1.0
32 87 2.0
32 88 4.0
32 89 7.0
32 90 8.0
32 91 1.0
32 92 6.0
32 93 5.0
32 94 7.0
32 95 9.0
32 96 3.0
32 97 0.0
32 98 3.0
32 99 3.0
32 100 8.0
32 101 0.0
32 102 8.0
32 103 9.0
32 104 6.0
32 105 5.0
32 106 4.0
32 107 0.0
32 108 8.0
32 109 3.0
32 110 2.0
32 111 1.0
32 112 7.0
32 113 1.0
32 114 3.0
32 115 0.0
32 116 5.0
32 117 6.0
32 118 3.0
32 119 5.0
32 120 5.0
32 121 0.0
32 122 2.0
32 123 2.0
32 124 6.0
33 34 5.0
33 35 6.0
33 36 7.0
33 37 9.0
33 38 6.0
33 39 9.0
33 40 6.0
33 41 7.0
33 42 9.0
33 43 4.0
33 44 6.0
33 45 8.0
33 46 9.0
33 47 4.0
33 48 0.0
33 49 4.0
33 50 9.0
33 51 2.0
33 52 1.0
33 53 6.0
33 54 7.0
33 55 4.0
33 56 5.0
33 57 6.0
33 58 5.0
33 59 2.0
33 60 1.0
33 61 1.0
33 62 0.0
33 63 3.0
33 64 3.0
33 65 3.0
33 66 3.0
33 67 2.0
33 68 3.0
33 69 8.0
33 70 0.0
33 71 0.0
33 72 9.0
33 73 5.0
33 74 6.0
33 75 6.0
33 76 5.0
33 77 8.0
33 78 1.0
33 79 8.0
33 80 5.0
33 81 2.0
33 82 7.0
33 83 3.0
33 84 2.0
33 85 7.0
33 86 8.0
33 87 0.0
33 88 6.0
33 89 5.0
33 90 3.0
33 91 7.0
33 92 9.0
33 93 2.0
33 94 6.0
33 95 6.0
33 96 6.0
33 97 9.0
33 98 9.0
33 99 5.0
33 100 1.0
33 101 9.0
33 102 3.0
33 103 9.0
33 104 7.0
33 105 8.0
33 106 9.0
33 107 2.0
33 108 2.0
33 109 9.0
33 110 4.0
33 111 0.0
33 112 8.0
33 113 6.0
33 114 0.0
33 115 9.0
33 116 8.0
33 117 4.0
33 118 0.0
33 119 8.0
33 120 0.0
33 121 8.0
33 122 3.0
33 123 9.0
33 124 5.0
34 35 5.0
34 36 8.0
34 37 9.0
34 38 4.0
34 39 4.0
34 40 7.0
34 41 5.0
34 42 5.0
34 43 1.0
34 44 9.0
34 45 1.0
34 46 4.0
34 47 8.0
34 48 9.0
34 49 0.0
34 50 3.0
34 51 0.0
34 52 4.0
34 53 8.0
34 54 4.0
34 55 9.0
34 56 6.0
34 57 8.0
34 58 7.0
34 59 0.0
34 60 7.0
34 61 2.0
34 62 4.0
34 63 3.0
34 64 5.0
34 65 5.0
34 66 5.0
34 67 9.0
34 68 0.0
34 69 5.0
34 70 0.0
34 71 6.0
34 72 8.0
34 73 3.0
34 74 7.0
34 75 4.0
34 76 1.0
34 77 0.0
34 78 5.0
34 79 6.0
34 80 3.0
34 81 6.0
34 82 7.0
34 83 5.0
34 84 9.0
34 85 0.0
34 86 0.0
34 87 0.0
34 88 9.0
34 89 5.0
34 90 5.0
34 91 4.0
34 92 4.0
34 93 3.0
34 94 7.0
34 95 0.0
34 96 9.0
34 97 5.0
34 98 7.0
34 99 5.0
34 100 1.0
34 101 9.0
34 102 3.0
34 103 1.0
34 104 5.0
34 105 3.0
34 106 3.0
34 107 5.0
34 108 7.0
34 109 2.0
34 110 6.0
34 111 5.0
34 112 9.0
34 113 9.0
34 114 5.0
34 115 3.0
34 116 8.0
34 117 1.0
34 118 3.0
34 119 9.0
34 120 1.0
34 121 5.0
34 122 4.0
34 123 4.0
34 124 2.0
35 36 4.0
35 37 8.0
35 38 6.0
35 39 2.0
35 40 3.0
35 41 0.0
35 42 4.0
35 43 3.0
35 44 1.0
35 45 9.0
35 46 5.0
35 47 9.0
35 48 9.0
35 49 1.0
35 50 9.0
35 51 2.0
35 52 9.0
35 53 3.0
35 54 9.0
35 55 9.0
35 56 1.0
35 57 3.0
35 58 0.0
35 59 0.0
35 60 9.0
35 61 7.0
35 62 7.0
35 63 3.0
35 64 0.0
35 65 2.0
35 66 6.0
35 67 9.0
35 68 1.0
35 69 8.0
35 70 5.0
35 71 3.0
35 72 9.0
35 73 4.0
35 74 0.0
35 75 9.0
35 76 9.0
35 77 1.0
35 78 6.0
35 79 9.0
35 80 0.0
35 81 5.0
35 82 9.0
35 83 9.0
35 84 3.0
35 85 3.0
35 86 7.0
35 87 5.0
35 88 8.0
35 89 2.0
35 90 4.0
35 91 8.0
35 92 0.0
35 93 6.0
35 94 4.0
35 95 8.0
35 96 8.0
35 97 0.0
35 98 5.0
35 99 8.0
35 100 5.0
35 101 7.0
35 102 7.0
35 103 6.0
35 104 4.0
35 105 2.0
35 106 0.0
35 107 4.0
35 108 5.0
35 109 7.0
35 110 3.0
35 111 0.0
35 112 2.0
35 113 9.0
35 114 2.0
35 115 8.0
35 116 8.0
35 117 6.0
35 118 5.0
35 119 2.0
35 120 7.0
35 121 2.0
35 122 3.0
35 123 2.0
35 124 9.0
36 37 5.0
36 38 5.0
36 39 2.0
36 40 1.0
36 41 5.0
36 42 7.0
36 43 1.0
36 44 1.0
36 45 7.0
36 46 0.0
36 47 1.0
36 48 8.0
36 49 6.0
36 50 3.0
36 51 0.0
36 52 5.0
36 53 2.0
36 54 4.0
36 55 6.0
36 56 9.0
36 57 9.0
36 58 6.0
36 59 4.0
36 60 2.0
36 61 6.0
36 62 2.0
36 63 3.0
36 64 6.0
36 65 4.0
36 66 1.0
36 67 2.0
36 68 7.0
36 69 4.0
36 70 5.0
36 71 1.0
36 72 3.0
36 73 5.0
36 74 9.0
36 75 3.0
36 76 5.0
36 77 9.0
36 78 0.0
36 79 6.0
36 80 1.0
36 81 7.0
36 82 8.0
36 83 2.0
36 84 1.0
36 85 5.0
36 86 7.0
36 87 6.0
36 88 8.0
36 89 3.0
36 90 8.0
36 91 9.0
36 92 6.0
36 93 0.0
36 94 8.0
36 95 0.0
36 96 4.0
36 97 0.0
36 98 3.0
36 99 7.0
36 100 3.0
36 101 6.0
36 102 9.0
36 103 2.0
36 104 8.0
36 105 5.0
36 106 6.0
36 107 3.0
36 108 8.0
36 109 9.0
36 110 6.0
36 111 6.0
36 112 0.0
36 113 5.0
36 114 8.0
36 115 8.0
36 116 9.0
36 117 3.0
36 118 1.0
36 119 0.0
36 120 1.0
36 121 0.0
36 122 0.0
36 123 7.0
36 124 3.0
37 38 9.0
37 39 8.0
37 40 1.0
37 41 7.0
37 42 9.0
37 43 1.0
37 44 8.0
37 45 0.0
37 46 7.0
37 47 3.0
37 48 3.0
37 49 7.0
37 50 3.0
37 51 8.0
37 52 9.0
37 53 1.0
37 54 2.0
37 55 2.0
37 56 2.0
37 57 3.0
37 58 2.0
37 59 8.0
37 60 3.0
37 61 5.0
37 62 5.0
37 63 8.0
37 64 4.0
37 65 0.0
37 66 6.0
37 67 0.0
37 68 7.0
37 69 1.0
37 70 5.0
37 71 1.0
37 72 5.0
37 73 1.0
37 74 7.0
37 75 8.0
37 76 7.0
37 77 8.0
37 78 8.0
37 79 0.0
37 80 0.0
37 81 3.0
37 82 4.0
37 83 8.0
37 84 1.0
37 85 6.0
37 86 5.0
37 87 6.0
37 88 4.0
37 89 8.0
37 90 0.0
37 91 2.0
37 92 0.0
37 93 9.0
37 94 1.0
37 95 3.0
37 96 9.0
37 97 2.0
37 98 4.0
37 99 2.0
37 100 0.0
37 101 9.0
37 102 0.0
37 103 5.0
37 104 0.0
37 105 5.0
37 106 0.0
37 107 7.0
37 108 5.0
37 109 9.0
37 110 3.0
37 111 8.0
37 112 0.0
37 113 8.0
37 114 0.0
37 115 1.0
37 116 8.0
37 117 0.0
37 118 4.0
37 119 6.0
37 120 6.0
37 121 5.0
37 122 7.0
37 123 3.0
37 124 9.0
38 39 3.0
38 40 7.0
38 41 1.0
38 42 7.0
38 43 1.0
38 44 7.0
38 45 0.0
38 46 5.0
38 47 9.0
38 48 5.0
38 49 6.0
38 50 4.0
38 51 1.0
38 52 2.0
38 53 4.0
38 54 7.0
38 55 4.0
38 56 9.0
38 57 9.0
38 58 6.0
38 59 2.0
38 60 0.0
38 61 0.0
38 62 3.0
38 63 2.0
38 64 4.0
38 65 8.0
38 66 5.0
38 67 3.0
38 68 7.0
38 69 0.0
38 70 8.0
38 71 6.0
38 72 0.0
38 73 5.0
38 74 5.0
38 75 7.0
38 76 3.0
38 77 1.0
38 78 6.0
38 79 2.0
38 80 4.0
38 81 7.0
38 82 2.0
38 83 9.0
38 84 9.0
38 85 4.0
38 86 9.0
38 87 9.0
38 88 9.0
38 89 7.0
38 90 2.0
38 91 9.0
38 92 0.0
38 93 2.0
38 94 2.0
38 95 4.0
38 96 7.0
38 97 5.0
38 98 2.0
38 99 7.0
38 100 0.0
38 101 8.0
38 102 6.0
38 103 9.0
38 104 0.0
38 105 0.0
38 106 6.0
38 107 1.0
38 108 1.0
38 109 7.0
38 110 5.0
38 111 7.0
38 112 5.0
38 113 8.0
38 114 3.0
38 115 7.0
38 116 7.0
38 117 2.0
38 118 9.0
38 119 8.0
38 120 4.0
38 121 4.0
38 122 8.0
38 123 8.0
38 124 4.0
39 40 8.0
39 41 6.0
39 42 1.0
39 43 8.0
39 44 3.0
39 45 1.0
39 46 4.0
39 47 8.0
39 48 4.0
39 49 8.0
39 50 2.0
39 51 3.0
39 52 0.0
39 53 6.0
39 54 1.0
39 55 2.0
39 56 1.0
39 57 7.0
39 58 5.0
39 59 3.0
39 60 8.0
39 61 5.0
39 62 7.0
39 63 4.0
39 64 7.0
39 65 8.0
39 66 1.0
39 67 9.0
39 68 5.0
39 69 5.0
39 70 3.0
39 71 4.0
39 72 9.0
39 73 1.0
39 74 8.0
39 75 0.0
39 76 3.0
39 77 0.0
39 78 2.0
39 79 5.0
39 80 6.0
39 81 6.0
39 82 2.0
39 83 0.0
39 84 9.0
39 85 5.0
39 86 1.0
39 87 2.0
39 88 6.0
39 89 1.0
39 90 8.0
39 91 8.0
39 92 3.0
39 93 8.0
39 94 2.0
39 95 8.0
39 96 6.0
39 97 1.0
39 98 7.0
39 99 1.0
39 100 8.0
39 101 9.0
39 102 6.0
39 103 0.0
39 104 9.0
39 105 2.0
39 106 0.0
39 107 4.0
39 108 0.0
39 109 9.0
39 110 0.0
39 111 5.0
39 112 1.0
39 113 7.0
39 114 7.0
39 115 5.0
39 116 2.0
39 117 1.0
39 118 7.0
39 119 5.0
39 120 2.0
39 121 0.0
39 122 0.0
39 123 9.0
39 124 5.0
40 41 1.0
40 42 9.0
40 43 9.0
40 44 0.0
40 45 4.0
40 46 7.0
40 47 3.0
40 48 7.0
40 49 3.0
40 50 2.0
40 51 6.0
40 52 9.0
40 53 8.0
40 54 2.0
40 55 5.0
40 56 3.0
40 57 7.0
40 58 1.0
40 59 2.0
40 60 0.0
40 61 2.0
40 62 4.0
40 63 5.0
40 64 4.0
40 65 5.0
40 66 3.0
40 67 3.0
40 68 4.0
40 69 4.0
40 70 5.0
40 71 8.0
40 72 8.0
40 73 8.0
40 74 6.0
40 75 8.0
40 76 0.0
40 77 1.0
40 78 8.0
40 79 0.0
40 80 8.0
40 81 6.0
40 82 5.0
40 83 2.0
40 84 6.0
40 85 5.0
40 86 8.0
40 87 4.0
40 88 5.0
40 89 7.0
40 90 9.0
40 91 8.0
40 92 6.0
40 93 3.0
40 94 8.0
40 95 6.0
40 96 4.0
40 97 9.0
40 98 1.0
40 99 8.0
40 100 4.0
40 101 5.0
40 102 4.0
40 103 2.0
40 104 1.0
40 105 4.0
40 106 1.0
40 107 3.0
40 108 2.0
40 109 1.0
40 110 0.0
40 111 7.0
40 112 9.0
40 113 0.0
40 114 3.0
40 115 4.0
40 116 0.0
40 117 2.0
40 118 4.0
40 119 0.0
40 120 6.0
40 121 3.0
40 122 8.0
40 123 6.0
40 124 4.0
41 42 6.0
41 43 8.0
41 44 8.0
41 45 2.0
41 46 7.0
41 47 1.0
41 48 9.0
41 49 9.0
41 50 8.0
41 51 7.0
41 52 7.0
41 53 5.0
41 54 8.0
41 55 4.0
41 56 1.0
41 57 3.0
41 58 5.0
41 59 2.0
41 60 1.0
41 61 3.0
41 62 5.0
41 63 6.0
41 64 8.0
41 65 4.0
41 66 3.0
41 67 7.0
41 68 7.0
41 69 3.0
41 70 7.0
41 71 5.0
41 72 2.0
41 73 6.0
41 74 6.0
41 75 6.0
41 76 0.0
41 77 3.0
41 78 9.0
41 79 4.0
41 80 7.0
41 81 7.0
41 82 5.0
41 83 5.0
41 84 4.0
41 85 0.0
41 86 2.0
41 87 7.0
41 88 2.0
41 89 2.0
41 90 0.0
41 91 5.0
41 92 5.0
41 93 2.0
41 94 7.0
41 95 7.0
41 96 8.0
41 97 6.0
41 98 0.0
41 99 8.0
41 100 2.0
41 101 6.0
41 102 8.0
41 103 2.0
41 104 7.0
41 105 1.0
41 106 8.0
41 107 3.0
41 108 6.0
41 109 1.0
41 110 1.0
41 111 1.0
41 112 4.0
41 113 6.0
41 114 9.0
41 115 4.0
41 116 0.0
41 117 0.0
41 118 2.0
41 119 5.0
41 120 5.0
41 121 7.0
41 122 0.0
41 123 3.0
41 124 5.0
42 43 8.0
42 44 5.0
42 45 3.0
42 46 9.0
42 47 5.0
42 48 9.0
42 49 6.0
42 50 5.0
42 51 9.0
42 52 7.0
42 53 5.0
42 54 3.0
42 55 8.0
42 56 4.0
42 57 0.0
42 58 0.0
42 59 4.0
42 60 3.0
42 61 7.0
42 62 5.0
42 63 3.0
42 64 9.0
42 65 9.0
42 66 2.0
42 67 5.0
42 68 0.0
42 69 8.0
42 70 0.0
42 71 3.0
42 72 7.0
42 73 5.0
42 74 2.0
42 75 5.0
42 76 1.0
42 77 9.0
42 78 3.0
42 79 1.0
42 80 0.0
42 81 4.0
42 82 5.0
42 83 9.0
42 84 2.0
42 85 4.0
42 86 5.0
42 87 8.0
42 88 5.0
42 89 5.0
42 90 7.0
42 91 8.0
42 92 8.0
42 93 9.0
42 94 5.0
42 95 0.0
42 96 3.0
42 97 3.0
42 98 5.0
42 99 7.0
42 100 3.0
42 101 2.0
42 102 4.0
42 103 6.0
42 104 0.0
42 105 8.0
42 106 4.0
42 107 9.0
42 108 9.0
42 109 7.0
42 110 7.0
42 111 2.0
42 112 5.0
42 113 6.0
42 114 4.0
42 115 4.0
42 116 5.0
42 117 5.0
42 118 9.0
42 119 8.0
42 120 8.0
42 121 7.0
42 122 6.0
42 123 3.0
42 124 0.0
43 44 2.0
43 45 6.0
43 46 9.0
43 47 6.0
43 48 4.0
43 49 6.0
43 50 9.0
43 51 3.0
43 52 4.0
43 53 8.0
43 54 2.0
43 55 0.0
43 56 0.0
43 57 0.0
43 58 4.0
43 59 7.0
43 60 2.0
43 61 9.0
43 62 7.0
43 63 7.0
43 64 1.0
43 65 5.0
43 66 3.0
43 67 2.0
43 68 7.0
43 69 0.0
43 70 7.0
43 71 9.0
43 72 9.0
43 73 0.0
43 74 7.0
43 75 5.0
43 76 3.0
43 77 5.0
43 78 5.0
43 79 8.0
43 80 1.0
43 81 6.0
43 82 7.0
43 83 4.0
43 84 2.0
43 85 2.0
43 86 4.0
43 87 9.0
43 88 4.0
43 89 2.0
43 90 5.0
43 91 9.0
43 92 3.0
43 93 8.0
43 94 2.0
43 95 5.0
43 96 0.0
43 97 4.0
43 98 3.0
43 99 4.0
43 100 6.0
43 101 1.0
43 102 2.0
43 103 6.0
43 104 7.0
43 105 2.0
43 106 5.0
43 107 2.0
43 108 1.0
43 109 6.0
43 110 7.0
43 111 0.0
43 112 5.0
43 113 2.0
43 114 3.0
43 115 6.0
43 116 8.0
43 117 0.0
43 118 9.0
43 119 7.0
43 120 3.0
43 121 7.0
43 122 0.0
43 123 1.0
43 124 8.0
44 45 6.0
44 46 2.0
44 47 5.0
44 48 9.0
44 49 0.0
44 50 9.0
44 51 0.0
44 52 6.0
44 53 6.0
44 54 5.0
44 55 6.0
44 56 4.0
44 57 4.0
44 58 3.0
44 59 7.0
44 60 7.0
44 61 9.0
44 62 9.0
44 63 5.0
44 64 3.0
44 65 5.0
44 66 3.0
44 67 5.0
44 68 1.0
44 69 2.0
44 70 9.0
44 71 6.0
44 72 3.0
44 73 7.0
44 74 9.0
44 75 0.0
44 76 9.0
44 77 6.0
44 78 5.0
44 79 9.0
44 80 2.0
44 81 5.0
44 82 4.0
44 83 6.0
44 84 6.0
44 85 3.0
44 86 2.0
44 87 4.0
44 88 3.0
44 89 1.0
44 90 1.0
44 91 8.0
44 92 3.0
44 93 5.0
44 94 5.0
44 95 9.0
44 96 5.0
44 97 7.0
44 98 1.0
44 99 1.0
44 100 7.0
44 101 3.0
44 102 9.0
44 103 0.0
44 104 1.0
44 105 6.0
44 106 0.0
44 107 8.0
44 108 5.0
44 109 3.0
44 110 9.0
44 111 1.0
44 112 4.0
44 113 4.0
44 114 6.0
44 115 0.0
44 116 7.0
44 117 0.0
44 118 3.0
44 119 0.0
44 120 2.0
44 121 5.0
44 122 6.0
44 123 5.0
44 124 1.0
45 46 8.0
45 47 7.0
45 48 8.0
45 49 2.0
45 50 5.0
45 51 4.0
45 52 3.0
45 53 8.0
45 54 0.0
45 55 0.0
45 56 1.0
45 57 2.0
45 58 9.0
45 59 1.0
45 60 7.0
45 61 3.0
45 62 7.0
45 63 3.0
45 64 5.0
45 65 7.0
45 66 4.0
45 67 4.0
45 68 6.0
45 69 7.0
45 70 7.0
45 71 7.0
45 72 8.0
45 73 4.0
45 74 9.0
45 75 6.0
45 76 8.0
45 77 8.0
45 78 3.0
45 79 8.0
45 80 1.0
45 81 5.0
45 82 7.0
45 83 2.0
45 84 3.0
45 85 7.0
45 86 2.0
45 87 7.0
45 88 6.0
45 89 0.0
45 90 9.0
45 91 3.0
45 92 2.0
45 93 0.0
45 94 2.0
45 95 3.0
45 96 9.0
45 97 7.0
45 98 2.0
45 99 8.0
45 100 3.0
45 101 3.0
45 102 9.0
45 103 0.0
45 104 3.0
45 105 2.0
45 106 7.0
45 107 2.0
45 108 9.0
45 109 0.0
45 110 8.0
45 111 1.0
45 112 5.0
45 113 6.0
45 114 2.0
45 115 9.0
45 116 7.0
45 117 2.0
45 118 4.0
45 119 1.0
45 120 0.0
45 121 0.0
45 122 1.0
45 123 8.0
45 124 7.0
46 47 3.0
46 48 0.0
46 49 0.0
46 50 2.0
46 51 8.0
46 52 7.0
46 53 6.0
46 54 0.0
46 55 4.0
46 56 3.0
46 57 5.0
46 58 4.0
46 59 9.0
46 60 6.0
46 61 0.0
46 62 3.0
46 63 2.0
46 64 3.0
46 65 0.0
46 66 6.0
46 67 0.0
46 68 2.0
46 69 1.0
46 70 0.0
46 71 1.0
46 72 8.0
46 73 9.0
46 74 3.0
46 75 3.0
46 76 2.0
46 77 6.0
46 78 6.0
46 79 1.0
46 80 1.0
46 81 2.0
46 82 5.0
46 83 8.0
46 84 2.0
46 85 0.0
46 86 5.0
46 87 5.0
46 88 7.0
46 89 3.0
46 90 6.0
46 91 3.0
46 92 6.0
46 93 7.0
46 94 0.0
46 95 0.0
46 96 2.0
46 97 1.0
46 98 5.0
46 99 0.0
46 100 6.0
46 101 0.0
46 102 2.0
46 103 3.0
46 104 9.0
46 105 6.0
46 106 3.0
46 107 6.0
46 108 9.0
46 109 7.0
46 110 8.0
46 111 1.0
46 112 7.0
46 113 6.0
46 114 2.0
46 115 3.0
46 116 2.0
46 117 9.0
46 118 7.0
46 119 6.0
46 120 0.0
46 121 3.0
46 122 3.0
46 123 7.0
46 124 2.0
47 48 4.0
47 49 0.0
47 50 8.0
47 51 9.0
47 52 7.0
47 53 4.0
47 54 6.0
47 55 0.0
47 56 1.0
47 57 1.0
47 58 2.0
47 59 8.0
47 60 8.0
47 61 8.0
47 62 2.0
47 63 9.0
47 64 3.0
47 65 4.0
47 66 5.0
47 67 0.0
47 68 5.0
47 69 7.0
47 70 3.0
47 71 5.0
47 72 3.0
47 73 2.0
47 74 3.0
47 75 7.0
47 76 8.0
47 77 1.0
47 78 6.0
47 79 2.0
47 80 5.0
47 81 7.0
47 82 4.0
47 83 6.0
47 84 6.0
47 85 0.0
47 86 3.0
47 87 1.0
47 88 4.0
47 89 3.0
47 90 4.0
47 91 7.0
47 92 8.0
47 93 4.0
47 94 7.0
47 95 4.0
47 96 6.0
47 97 2.0
47 98 7.0
47 99 6.0
47 100 7.0
47 101 6.0
47 102 8.0
47 103 3.0
47 104 1.0
47 105 0.0
47 106 2.0
47 107 6.0
47 108 1.0
47 109 9.0
47 110 4.0
47 111 3.0
47 112 5.0
47 113 0.0
47 114 2.0
47 115 2.0
47 116 7.0
47 117 2.0
47 118 2.0
47 119 3.0
47 120 1.0
47 121 8.0
47 122 4.0
47 123 3.0
47 124 5.0
48 49 7.0
48 50 5.0
48 51 0.0
48 52 3.0
48 53 6.0
48 54 4.0
48 55 3.0
48 56 1.0
48 57 5.0
48 58 4.0
48 59 5.0
48 60 2.0
48 61 8.0
48 62 0.0
48 63 8.0
48 64 6.0
48 65 4.0
48 66 6.0
48 67 0.0
48 68 9.0
48 69 2.0
48 70 3.0
48 71 3.0
48 72 7.0
48 73 2.0
48 74 5.0
48 75 7.0
48 76 6.0
48 77 4.0
48 78 0.0
48 79 0.0
48 80 3.0
48 81 6.0
48 82 5.0
48 83 4.0
48 84 6.0
48 85 7.0
48 86 2.0
48 87 6.0
48 88 0.0
48 89 0.0
48 90 5.0
48 91 7.0
48 92 9.0
48 93 6.0
48 94 3.0
48 95 5.0
48 96 4.0
48 97 1.0
48 98 5.0
48 99 0.0
48 100 5.0
48 101 1.0
48 102 2.0
48 103 4.0
48 104 4.0
48 105 1.0
48 106 9.0
48 107 4.0
48 108 1.0
48 109 4.0
48 110 4.0
48 111 3.0
48 112 8.0
48 113 4.0
48 114 6.0
48 115 6.0
48 116 3.0
48 117 0.0
48 118 4.0
48 119 6.0
48 120 5.0
48 121 0.0
48 122 7.0
48 123 3.0
48 124 5.0
49 50 1.0
49 51 9.0
49 52 2.0
49 53 0.0
49 54 0.0
49 55 1.0
49 56 4.0
49 57 3.0
49 58 4.0
49 59 9.0
49 60 9.0
49 61 9.0
49 62 5.0
49 63 7.0
49 64 3.0
49 65 2.0
49 66 0.0
49 67 0.0
49 68 8.0
49 69 7.0
49 70 5.0
49 71 5.0
49 72 5.0
49 73 1.0
49 74 7.0
49 75 0.0
49 76 3.0
49 77 7.0
49 78 7.0
49 79 6.0
49 80 2.0
49 81 0.0
49 82 3.0
49 83 1.0
49 84 9.0
49 85 8.0
49 86 1.0
49 87 3.0
49 88 7.0
49 89 6.0
49 90 7.0
49 91 4.0
49 92 0.0
49 93 5.0
49 94 8.0
49 95 9.0
49 96 1.0
49 97 0.0
49 98 2.0
49 99 3.0
49 100 6.0
49 101 8.0
49 102 7.0
49 103 9.0
49 104 9.0
49 105 7.0
49 106 0.0
49 107 0.0
49 108 8.0
49 109 8.0
49 110 6.0
49 111 2.0
49 112 6.0
49 113 5.0
49 114 6.0
49 115 5.0
49 116 7.0
49 117 9.0
49 118 5.0
49 119 2.0
49 120 4.0
49 121 3.0
49 122 0.0
49 123 9.0
49 124 4.0
50 51 7.0
50 52 3.0
50 53 4.0
50 54 3.0
50 55 9.0
50 56 2.0
50 57 1.0
50 58 1.0
50 59 2.0
50 60 6.0
50 61 0.0
50 62 7.0
50 63 9.0
50 64 6.0
50 65 7.0
50 66 7.0
50 67 5.0
50 68 4.0
50 69 5.0
50 70 4.0
50 71 0.0
50 72 5.0
50 73 3.0
50 74 2.0
50 75 5.0
50 76 7.0
50 77 2.0
50 78 8.0
50 79 2.0
50 80 6.0
50 81 8.0
50 82 3.0
50 83 4.0
50 84 7.0
50 85 3.0
50 86 4.0
50 87 7.0
50 88 7.0
50 89 6.0
50 90 3.0
50 91 2.0
50 92 8.0
50 93 4.0
50 94 3.0
50 95 2.0
50 96 7.0
50 97 1.0
50 98 3.0
50 99 0.0
50 100 9.0
50 101 6.0
50 102 9.0
50 103 9.0
50 104 5.0
50 105 7.0
50 106 0.0
50 107 9.0
50 108 3.0
50 109 4.0
50 110 2.0
50 111 0.0
50 112 8.0
50 113 4.0
50 114 0.0
50 115 9.0
50 116 7.0
50 117 6.0
50 118 4.0
50 119 4.0
50 120 2.0
50 121 5.0
50 122 0.0
50 123 6.0
50 124 9.0
51 52 6.0
51 53 8.0
51 54 4.0
51 55 9.0
51 56 8.0
51 57 0.0
51 58 1.0
51 59 2.0
51 60 1.0
51 61 2.0
51 62 4.0
51 63 4.0
51 64 0.0
51 65 9.0
51 66 1.0
51 67 5.0
51 68 7.0
51 69 5.0
51 70 5.0
51 71 0.0
51 72 7.0
51 73 2.0
51 74 3.0
51 75 7.0
51 76 8.0
51 77 6.0
51 78 8.0
51 79 9.0
51 80 2.0
51 81 0.0
51 82 9.0
51 83 4.0
51 84 9.0
51 85 5.0
51 86 7.0
51 87 1.0
51 88 0.0
51 89 7.0
51 90 3.0
51 91 3.0
51 92 2.0
51 93 5.0
51 94 8.0
51 95 2.0
51 96 5.0
51 97 1.0
51 98 7.0
51 99 0.0
51 100 7.0
51 101 6.0
51 102 8.0
51 103 4.0
51 104 8.0
51 105 1.0
51 106 0.0
51 107 1.0
51 108 4.0
51 109 8.0
51 110 8.0
51 111 7.0
51 112 1.0
51 113 1.0
51 114 8.0
51 115 3.0
51 116 6.0
51 117 7.0
51 118 0.0
51 119 0.0
51 120 3.0
51 121 8.0
51 122 9.0
51 123 1.0
51 124 8.0
52 53 4.0
52 54 9.0
52 55 0.0
52 56 3.0
52 57 8.0
52 58 8.0
52 59 9.0
52 60 1.0
52 61 9.0
52 62 7.0
52 63 7.0
52 64 1.0
52 65 9.0
52 66 5.0
52 67 6.0
52 68 7.0
52 69 5.0
52 70 4.0
52 71 6.0
52 72 9.0
52 73 9.0
52 74 0.0
52 75 7.0
52 76 8.0
52 77 7.0
52 78 3.0
52 79 0.0
52 80 2.0
52 81 3.0
52 82 7.0
52 83 3.0
52 84 2.0
52 85 0.0
52 86 3.0
52 87 8.0
52 88 2.0
52 89 6.0
52 90 6.0
52 91 6.0
52 92 2.0
52 93 5.0
52 94 3.0
52 95 5.0
52 96 0.0
52 97 4.0
52 98 3.0
52 99 5.0
52 100 7.0
52 101 0.0
52 102 4.0
52 103 4.0
52 104 8.0
52 105 0.0
52 106 8.0
52 107 5.0
52 108 1.0
52 109 8.0
52 110 7.0
52 111 3.0
52 112 4.0
52 113 4.0
52 114 8.0
52 115 9.0
52 116 5.0
52 117 6.0
52 118 8.0
52 119 1.0
52 120 3.0
52 121 3.0
52 122 2.0
52 123 2.0
52 124 1.0
53 54 6.0
53 55 3.0
53 56 2.0
53 57 4.0
53 58 2.0
53 59 6.0
53 60 9.0
53 61 1.0
53 62 6.0
53 63 0.0
53 64 2.0
53 65 4.0
53 66 4.0
53 67 9.0
53 68 3.0
53 69 6.0
53 70 3.0
53 71 7.0
53 72 0.0
53 73 1.0
53 74 1.0
53 75 7.0
53 76 1.0
53 77 7.0
53 78 5.0
53 79 2.0
53 80 7.0
53 81 7.0
53 82 0.0
53 83 2.0
53 84 2.0
53 85 8.0
53 86 1.0
53 87 3.0
53 88 1.0
53 89 1.0
53 90 1.0
53 91 5.0
53 92 4.0
53 93 8.0
53 94 1.0
53 95 2.0
53 96 0.0
53 97 8.0
53 98 8.0
53 99 2.0
53 100 6.0
53 101 2.0
53 102 5.0
53 103 2.0
53 104 3.0
53 105 1.0
53 106 8.0
53 107 5.0
53 108 0.0
53 109 6.0
53 110 6.0
53 111 4.0
53 112 4.0
53 113 4.0
53 114 5.0
53 115 6.0
53 116 4.0
53 117 5.0
53 118 0.0
53 119 7.0
53 120 5.0
53 121 3.0
53 122 5.0
53 123 8.0
53 124 4.0
54 55 0.0
54 56 0.0
54 57 1.0
54 58 7.0
54 59 0.0
54 60 2.0
54 61 7.0
54 62 6.0
54 63 7.0
54 64 7.0
54 65 1.0
54 66 6.0
54 67 4.0
54 68 7.0
54 69 5.0
54 70 7.0
54 71 6.0
54 72 1.0
54 73 5.0
54 74 9.0
54 75 6.0
54 76 7.0
54 77 3.0
54 78 6.0
54 79 6.0
54 80 4.0
54 81 0.0
54 82 8.0
54 83 0.0
54 84 6.0
54 85 9.0
54 86 2.0
54 87 4.0
54 88 0.0
54 89 5.0
54 90 4.0
54 91 0.0
54 92 5.0
54 93 7.0
54 94 5.0
54 95 6.0
54 96 8.0
54 97 4.0
54 98 0.0
54 99 4.0
54 100 8.0
54 101 0.0
54 102 0.0
54 103 4.0
54 104 8.0
54 105 3.0
54 106 1.0
54 107 8.0
54 108 4.0
54 109 3.0
54 110 7.0
54 111 8.0
54 112 6.0
54 113 2.0
54 114 4.0
54 115 2.0
54 116 6.0
54 117 4.0
54 118 0.0
54 119 3.0
54 120 0.0
54 121 8.0
54 122 6.0
54 123 3.0
54 124 9.0
55 56 1.0
55 57 1.0
55 58 6.0
55 59 5.0
55 60 6.0
55 61 6.0
55 62 2.0
55 63 6.0
55 64 6.0
55 65 0.0
55 66 4.0
55 67 6.0
55 68 5.0
55 69 2.0
55 70 4.0
55 71 6.0
55 72 3.0
55 73 4.0
55 74 7.0
55 75 9.0
55 76 9.0
55 77 1.0
55 78 0.0
55 79 2.0
55 80 9.0
55 81 1.0
55 82 6.0
55 83 3.0
55 84 6.0
55 85 4.0
55 86 7.0
55 87 5.0
55 88 1.0
55 89 6.0
55 90 7.0
55 91 6.0
55 92 3.0
55 93 6.0
55 94 4.0
55 95 1.0
55 96 6.0
55 97 7.0
55 98 3.0
55 99 2.0
55 100 2.0
55 101 8.0
55 102 0.0
55 103 6.0
55 104 1.0
55 105 9.0
55 106 1.0
55 107 8.0
55 108 9.0
55 109 4.0
55 110 1.0
55 111 7.0
55 112 7.0
55 113 4.0
55 114 9.0
55 115 6.0
55 116 1.0
55 117 3.0
55 118 0.0
55 119 9.0
55 120 4.0
55 121 6.0
55 122 0.0
55 123 8.0
55 124 9.0
56 57 2.0
56 58 6.0
56 59 8.0
56 60 9.0
56 61 4.0
56 62 9.0
56 63 5.0
56 64 0.0
56 65 6.0
56 66 6.0
56 67 2.0
56 68 8.0
56 69 1.0
56 70 9.0
56 71 0.0
56 72 6.0
56 73 6.0
56 74 3.0
56 75 7.0
56 76 4.0
56 77 9.0
56 78 0.0
56 79 8.0
56 80 0.0
56 81 1.0
56 82 7.0
56 83 8.0
56 84 4.0
56 85 8.0
56 86 8.0
56 87 1.0
56 88 0.0
56 89 5.0
56 90 9.0
56 91 7.0
56 92 6.0
56 93 6.0
56 94 9.0
56 95 7.0
56 96 4.0
56 97 8.0
56 98 2.0
56 99 4.0
56 100 9.0
56 101 0.0
56 102 0.0
56 103 8.0
56 104 4.0
56 105 3.0
56 106 0.0
56 107 1.0
56 108 9.0
56 109 3.0
56 110 4.0
56 111 8.0
56 112 1.0
56 113 4.0
56 114 1.0
56 115 7.0
56 116 5.0
56 117 1.0
56 118 9.0
56 119 8.0
56 120 1.0
56 121 3.0
56 122 3.0
56 123 4.0
56 124 2.0
57 58 9.0
57 59 2.0
57 60 9.0
57 61 3.0
57 62 3.0
57 63 5.0
57 64 6.0
57 65 2.0
57 66 9.0
57 67 9.0
57 68 1.0
57 69 9.0
57 70 1.0
57 71 0.0
57 72 3.0
57 73 5.0
57 74 6.0
57 75 4.0
57 76 3.0
57 77 6.0
57 78 8.0
57 79 5.0
57 80 4.0
57 81 2.0
57 82 6.0
57 83 4.0
57 84 7.0
57 85 8.0
57 86 1.0
57 87 8.0
57 88 4.0
57 89 5.0
57 90 7.0
57 91 6.0
57 92 2.0
57 93 5.0
57 94 5.0
57 95 7.0
57 96 5.0
57 97 8.0
57 98 1.0
57 99 9.0
57 100 2.0
57 101 6.0
57 102 1.0
57 103 9.0
57 104 0.0
57 105 3.0
57 106 1.0
57 107 9.0
57 108 4.0
57 109 5.0
57 110 3.0
57 111 4.0
57 112 0.0
57 113 2.0
57 114 9.0
57 115 6.0
57 116 5.0
57 117 8.0
57 118 5.0
57 119 7.0
57 120 3.0
57 121 8.0
57 122 1.0
57 123 4.0
57 124 7.0
58 59 8.0
58 60 6.0
58 61 4.0
58 62 8.0
58 63 4.0
58 64 8.0
58 65 2.0
58 66 8.0
58 67 7.0
58 68 6.0
58 69 0.0
58 70 6.0
58 71 2.0
58 72 9.0
58 73 2.0
58 74 6.0
58 75 4.0
58 76 9.0
58 77 3.0
58 78 6.0
58 79 7.0
58 80 2.0
58 81 1.0
58 82 7.0
58 83 6.0
58 84 5.0
58 85 5.0
58 86 4.0
58 87 4.0
58 88 2.0
58 89 5.0
58 90 4.0
58 91 6.0
58 92 7.0
58 93 7.0
58 94 5.0
58 95 7.0
58 96 8.0
58 97 5.0
58 98 6.0
58 99 0.0
58 100 0.0
58 101 4.0
58 102 8.0
58 103 4.0
58 104 6.0
58 105 1.0
58 106 8.0
58 107 9.0
58 108 6.0
58 109 9.0
58 110 4.0
58 111 1.0
58 112 2.0
58 113 0.0
58 114 0.0
58 115 7.0
58 116 2.0
58 117 7.0
58 118 8.0
58 119 4.0
58 120 0.0
58 121 6.0
58 122 5.0
58 123 5.0
58 124 2.0
59 60 3.0
59 61 6.0
59 62 4.0
59 63 4.0
59 64 9.0
59 65 8.0
59 66 4.0
59 67 9.0
59 68 0.0
59 69 0.0
59 70 0.0
59 71 6.0
59 72 5.0
59 73 9.0
59 74 8.0
59 75 5.0
59 76 7.0
59 77 4.0
59 78 6.0
59 79 5.0
59 80 6.0
59 81 0.0
59 82 6.0
59 83 3.0
59 84 9.0
59 85 1.0
59 86 7.0
59 87 6.0
59 88 9.0
59 89 3.0
59 90 8.0
59 91 4.0
59 92 6.0
59 93 7.0
59 94 2.0
59 95 7.0
59 96 0.0
59 97 3.0
59 98 2.0
59 99 9.0
59 100 6.0
59 101 0.0
59 102 7.0
59 103 2.0
59 104 9.0
59 105 1.0
59 106 4.0
59 107 0.0
59 108 1.0
59 109 5.0
59 110 1.0
59 111 4.0
59 112 5.0
59 113 7.0
59 114 9.0
59 115 8.0
59 116 2.0
59 117 9.0
59 118 7.0
59 119 3.0
59 120 3.0
59 121 7.0
59 122 5.0
59 123 8.0
59 124 9.0
60 61 2.0
60 62 8.0
60 63 9.0
60 64 4.0
60 65 3.0
60 66 2.0
60 67 1.0
60 68 2.0
60 69 6.0
60 70 0.0
60 71 3.0
60 72 9.0
60 73 3.0
60 74 7.0
60 75 5.0
60 76 1.0
60 77 0.0
60 78 7.0
60 79 4.0
60 80 2.0
60 81 2.0
60 82 5.0
60 83 9.0
60 84 3.0
60 85 0.0
60 86 1.0
60 87 3.0
60 88 3.0
60 89 0.0
60 90 8.0
60 91 7.0
60 92 3.0
60 93 2.0
60 94 2.0
60 95 5.0
60 96 4.0
60 97 7.0
60 98 9.0
60 99 8.0
60 100 4.0
60 101 4.0
60 102 6.0
60 103 3.0
60 104 0.0
60 105 7.0
60 106 1.0
60 107 5.0
60 108 7.0
60 109 1.0
60 110 2.0
60 111 9.0
60 112 8.0
60 113 2.0
60 114 2.0
60 115 7.0
60 116 6.0
60 117 0.0
60 118 4.0
60 119 2.0
60 120 3.0
60 121 5.0
60 122 7.0
60 123 6.0
60 124 1.0
61 62 2.0
61 63 7.0
61 64 1.0
61 65 2.0
61 66 1.0
61 67 9.0
61 68 2.0
61 69 5.0
61 70 0.0
61 71 0.0
61 72 9.0
61 73 7.0
61 74 8.0
61 75 3.0
61 76 0.0
61 77 7.0
61 78 0.0
61 79 4.0
61 80 2.0
61 81 2.0
61 82 3.0
61 83 0.0
61 84 6.0
61 85 6.0
61 86 7.0
61 87 3.0
61 88 5.0
61 89 0.0
61 90 3.0
61 91 9.0
61 92 4.0
61 93 5.0
61 94 4.0
61 95 2.0
61 96 0.0
61 97 2.0
61 98 2.0
61 99 0.0
61 100 5.0
61 101 6.0
61 102 2.0
61 103 2.0
61 104 7.0
61 105 0.0
61 106 0.0
61 107 1.0
61 108 2.0
61 109 4.0
61 110 5.0
61 111 3.0
61 112 3.0
61 113 9.0
61 114 9.0
61 115 5.0
61 116 0.0
61 117 2.0
61 118 7.0
61 119 9.0
61 120 3.0
61 121 5.0
61 122 9.0
61 123 4.0
61 124 3.0
62 63 3.0
62 64 1.0
62 65 3.0
62 66 3.0
62 67 4.0
62 68 8.0
62 69 9.0
62 70 4.0
62 71 4.0
62 72 0.0
62 73 1.0
62 74 6.0
62 75 2.0
62 76 6.0
62 77 2.0
62 78 2.0
62 79 4.0
62 80 1.0
62 81 4.0
62 82 3.0
62 83 1.0
62 84 3.0
62 85 0.0
62 86 0.0
62 87 1.0
62 88 4.0
62 89 6.0
62 90 4.0
62 91 8.0
62 92 9.0
62 93 7.0
62 94 1.0
62 95 1.0
62 96 8.0
62 97 1.0
62 98 2.0
62 99 9.0
62 100 1.0
62 101 0.0
62 102 1.0
62 103 5.0
62 104 0.0
62 105 2.0
62 106 7.0
62 107 4.0
62 108 9.0
62 109 8.0
62 110 9.0
62 111 7.0
62 112 8.0
62 113 6.0
62 114 0.0
62 115 4.0
62 116 6.0
62 117 1.0
62 118 1.0
62 119 7.0
62 120 2.0
62 121 3.0
62 122 7.0
62 123 6.0
62 124 9.0
63 64 5.0
63 65 8.0
63 66 0.0
63 67 1.0
63 68 2.0
63 69 0.0
63 70 6.0
63 71 4.0
63 72 1.0
63 73 2.0
63 74 7.0
63 75 6.0
63 76 7.0
63 77 8.0
63 78 2.0
63 79 2.0
63 80 5.0
63 81 6.0
63 82 8.0
63 83 1.0
63 84 3.0
63 85 5.0
63 86 5.0
63 87 1.0
63 88 4.0
63 89 3.0
63 90 8.0
63 91 2.0
63 92 1.0
63 93 2.0
63 94 6.0
63 95 0.0
63 96 5.0
63 97 0.0
63 98 8.0
63 99 3.0
63 100 6.0
63 101 5.0
63 102 0.0
63 103 5.0
63 104 8.0
63 105 8.0
63 106 6.0
63 107 3.0
63 108 8.0
63 109 4.0
63 110 7.0
63 111 6.0
63 112 7.0
63 113 0.0
63 114 5.0
63 115 0.0
63 116 9.0
63 117 3.0
63 118 5.0
63 119 6.0
63 120 1.0
63 121 4.0
63 122 4.0
63 123 8.0
63 124 1.0
64 65 0.0
64 66 8.0
64 67 6.0
64 68 2.0
64 69 3.0
64 70 7.0
64 71 2.0
64 72 3.0
64 73 5.0
64 74 7.0
64 75 2.0
64 76 5.0
64 77 4.0
64 78 2.0
64 79 5.0
64 80 0.0
64 81 9.0
64 82 2.0
64 83 2.0
64 84 5.0
64 85 1.0
64 86 1.0
64 87 4.0
64 88 1.0
64 89 4.0
64 90 5.0
64 91 6.0
64 92 4.0
64 93 1.0
64 94 6.0
64 95 3.0
64 96 4.0
64 97 0.0
64 98 5.0
64 99 2.0
64 100 8.0
64 101 1.0
64 102 4.0
64 103 2.0
64 104 3.0
64 105 0.0
64 106 4.0
64 107 9.0
64 108 6.0
64 109 2.0
64 110 8.0
64 111 7.0
64 112 5.0
64 113 1.0
64 114 1.0
64 115 7.0
64 116 3.0
64 117 5.0
64 118 4.0
64 119 3.0
64 120 3.0
64 121 9.0
64 122 1.0
64 123 5.0
64 124 4.0
65 66 3.0
65 67 7.0
65 68 7.0
65 69 1.0
65 70 2.0
65 71 8.0
65 72 6.0
65 73 8.0
65 74 7.0
65 75 3.0
65 76 5.0
65 77 9.0
65 78 2.0
65 79 0.0
65 80 4.0
65 81 9.0
65 82 0.0
65 83 1.0
65 84 5.0
65 85 8.0
65 86 5.0
65 87 7.0
65 88 0.0
65 89 6.0
65 90 6.0
65 91 6.0
65 92 9.0
65 93 0.0
65 94 2.0
65 95 0.0
65 96 2.0
65 97 3.0
65 98 5.0
65 99 6.0
65 100 1.0
65 101 1.0
65 102 8.0
65 103 3.0
65 104 3.0
65 105 6.0
65 106 5.0
65 107 4.0
65 108 9.0
65 109 9.0
65 110 7.0
65 111 4.0
65 112 6.0
65 113 7.0
65 114 9.0
65 115 6.0
65 116 8.0
65 117 6.0
65 118 2.0
65 119 9.0
65 120 8.0
65 121 0.0
65 122 6.0
65 123 0.0
65 124 0.0
66 67 9.0
66 68 3.0
66 69 5.0
66 70 7.0
66 71 9.0
66 72 6.0
66 73 9.0
66 74 9.0
66 75 0.0
66 76 5.0
66 77 9.0
66 78 7.0
66 79 2.0
66 80 5.0
66 81 3.0
66 82 0.0
66 83 2.0
66 84 0.0
66 85 4.0
66 86 1.0
66 87 8.0
66 88 4.0
66 89 9.0
66 90 2.0
66 91 1.0
66 92 7.0
66 93 5.0
66 94 4.0
66 95 7.0
66 96 0.0
66 97 4.0
66 98 8.0
66 99 0.0
66 100 7.0
66 101 4.0
66 102 3.0
66 103 8.0
66 104 5.0
66 105 5.0
66 106 1.0
66 107 3.0
66 108 6.0
66 109 5.0
66 110 1.0
66 111 4.0
66 112 4.0
66 113 1.0
66 114 2.0
66 115 3.0
66 116 8.0
66 117 6.0
66 118 7.0
66 119 4.0
66 120 7.0
66 121 2.0
66 122 0.0
66 123 2.0
66 124 0.0
67 68 4.0
67 69 7.0
67 70 4.0
67 71 4.0
67 72 4.0
67 73 1.0
67 74 0.0
67 75 1.0
67 76 6.0
67 77 3.0
67 78 6.0
67 79 8.0
67 80 1.0
67 81 2.0
67 82 5.0
67 83 3.0
67 84 8.0
67 85 8.0
67 86 3.0
67 87 3.0
67 88 3.0
67 89 1.0
67 90 9.0
67 91 2.0
67 92 0.0
67 93 5.0
67 94 9.0
67 95 4.0
67 96 5.0
67 97 5.0
67 98 9.0
67 99 1.0
67 100 3.0
67 101 5.0
67 102 1.0
67 103 4.0
67 104 2.0
67 105 3.0
67 106 6.0
67 107 2.0
67 108 2.0
67 109 4.0
67 110 3.0
67 111 5.0
67 112 3.0
67 113 4.0
67 114 0.0
67 115 1.0
67 116 1.0
67 117 1.0
67 118 9.0
67 119 4.0
67 120 4.0
67 121 1.0
67 122 1.0
67 123 6.0
67 124 4.0
68 69 8.0
68 70 0.0
68 71 8.0
68 72 3.0
68 73 1.0
68 74 8.0
68 75 7.0
68 76 5.0
68 77 3.0
68 78 2.0
68 79 5.0
68 80 0.0
68 81 6.0
68 82 9.0
68 83 8.0
68 84 5.0
68 85 5.0
68 86 3.0
68 87 0.0
68 88 5.0
68 89 4.0
68 90 7.0
68 91 4.0
68 92 2.0
68 93 7.0
68 94 4.0
68 95 7.0
68 96 4.0
68 97 4.0
68 98 5.0
68 99 4.0
68 100 7.0
68 101 3.0
68 102 3.0
68 103 5.0
68 104 5.0
68 105 4.0
68 106 7.0
68 107 3.0
68 108 1.0
68 109 5.0
68 110 5.0
68 111 8.0
68 112 7.0
68 113 0.0
68 114 8.0
68 115 9.0
68 116 5.0
68 117 9.0
68 118 7.0
68 119 9.0
68 120 1.0
68 121 2.0
68 122 8.0
68 123 9.0
68 124 1.0
69 70 1.0
69 71 4.0
69 72 2.0
69 73 4.0
69 74 8.0
69 75 4.0
69 76 6.0
69 77 2.0
69 78 2.0
69 79 6.0
69 80 9.0
69 81 4.0
69 82 8.0
69 83 2.0
69 84 8.0
69 85 7.0
69 86 2.0
69 87 4.0
69 88 1.0
69 89 4.0
69 90 3.0
69 91 6.0
69 92 4.0
69 93 7.0
69 94 7.0
69 95 5.0
69 96 0.0
69 97 3.0
69 98 4.0
69 99 9.0
69 100 7.0
69 101 5.0
69 102 2.0
69 103 9.0
69 104 2.0
69 105 3.0
69 106 1.0
69 107 9.0
69 108 3.0
69 109 3.0
69 110 2.0
69 111 7.0
69 112 7.0
69 113 6.0
69 114 7.0
69 115 6.0
69 116 0.0
69 117 1.0
69 118 4.0
69 119 9.0
69 120 2.0
69 121 4.0
69 122 7.0
69 123 0.0
69 124 0.0
70 71 6.0
70 72 2.0
70 73 3.0
70 74 5.0
70 75 2.0
70 76 0.0
70 77 0.0
70 78 8.0
70 79 9.0
70 80 3.0
70 81 0.0
70 82 8.0
70 83 5.0
70 84 7.0
70 85 7.0
70 86 4.0
70 87 1.0
70 88 2.0
70 89 4.0
70 90 0.0
70 91 3.0
70 92 9.0
70 93 9.0
70 94 5.0
70 95 4.0
70 96 2.0
70 97 2.0
70 98 2.0
70 99 1.0
70 100 3.0
70 101 4.0
70 102 6.0
70 103 0.0
70 104 1.0
70 105 8.0
70 106 9.0
70 107 0.0
70 108 0.0
70 109 1.0
70 110 3.0
70 111 6.0
70 112 5.0
70 113 9.0
70 114 0.0
70 115 2.0
70 116 8.0
70 117 5.0
70 118 6.0
70 119 4.0
70 120 7.0
70 121 0.0
70 122 0.0
70 123 1.0
70 124 2.0
71 72 6.0
71 73 4.0
71 74 3.0
71 75 9.0
71 76 8.0
71 77 3.0
71 78 9.0
71 79 3.0
71 80 7.0
71 81 6.0
71 82 0.0
71 83 7.0
71 84 9.0
71 85 6.0
71 86 0.0
71 87 1.0
71 88 3.0
71 89 2.0
71 90 4.0
71 91 1.0
71 92 7.0
71 93 6.0
71 94 1.0
71 95 7.0
71 96 3.0
71 97 4.0
71 98 7.0
71 99 3.0
71 100 6.0
71 101 7.0
71 102 7.0
71 103 9.0
71 104 0.0
71 105 1.0
71 106 1.0
71 107 4.0
71 108 9.0
71 109 5.0
71 110 0.0
71 111 4.0
71 112 6.0
71 113 8.0
71 114 1.0
71 115 3.0
71 116 6.0
71 117 6.0
71 118 2.0
71 119 3.0
71 120 2.0
71 121 5.0
71 122 0.0
71 123 4.0
71 124 5.0
72 73 9.0
72 74 7.0
72 75 4.0
72 76 6.0
72 77 8.0
72 78 3.0
72 79 2.0
72 80 8.0
72 81 1.0
72 82 9.0
72 83 3.0
72 84 8.0
72 85 9.0
72 86 9.0
72 87 3.0
72 88 9.0
72 89 1.0
72 90 6.0
72 91 8.0
72 92 9.0
72 93 7.0
72 94 3.0
72 95 5.0
72 96 4.0
72 97 6.0
72 98 6.0
72 99 9.0
72 100 5.0
72 101 8.0
72 102 1.0
72 103 0.0
72 104 8.0
72 105 1.0
72 106 3.0
72 107 0.0
72 108 2.0
72 109 8.0
72 110 5.0
72 111 7.0
72 112 1.0
72 113 1.0
72 114 1.0
72 115 0.0
72 116 3.0
72 117 5.0
72 118 9.0
72 119 4.0
72 120 7.0
72 121 8.0
72 122 1.0
72 123 4.0
72 124 7.0
73 74 2.0
73 75 3.0
73 76 4.0
73 77 5.0
73 78 5.0
73 79 7.0
73 80 7.0
73 81 9.0
73 82 9.0
73 83 1.0
73 84 6.0
73 85 1.0
73 86 8.0
73 87 2.0
73 88 4.0
73 89 5.0
73 90 0.0
73 91 0.0
73 92 5.0
73 93 0.0
73 94 2.0
73 95 4.0
73 96 3.0
73 97 7.0
73 98 1.0
73 99 5.0
73 100 2.0
73 101 0.0
73 102 6.0
73 103 5.0
73 104 8.0
73 105 2.0
73 106 7.0
73 107 8.0
73 108 4.0
73 109 8.0
73 110 9.0
73 111 9.0
73 112 1.0
73 113 9.0
73 114 6.0
73 115 9.0
73 116 8.0
73 117 4.0
73 118 8.0
73 119 5.0
73 120 0.0
73 121 5.0
73 122 1.0
73 123 8.0
73 124 5.0
74 75 7.0
74 76 2.0
74 77 0.0
74 78 1.0
74 79 5.0
74 80 0.0
74 81 8.0
74 82 4.0
74 83 2.0
74 84 7.0
74 85 1.0
74 86 8.0
74 87 0.0
74 88 6.0
74 89 0.0
74 90 8.0
74 91 5.0
74 92 0.0
74 93 8.0
74 94 2.0
74 95 0.0
74 96 2.0
74 97 4.0
74 98 5.0
74 99 6.0
74 100 3.0
74 101 7.0
74 102 3.0
74 103 8.0
74 104 4.0
74 105 9.0
74 106 2.0
74 107 9.0
74 108 5.0
74 109 7.0
74 110 8.0
74 111 4.0
74 112 4.0
74 113 6.0
74 114 4.0
74 115 2.0
74 116 8.0
74 117 1.0
74 118 8.0
74 119 8.0
74 120 2.0
74 121 4.0
74 122 2.0
74 123 7.0
74 124 0.0
75 76 4.0
75 77 4.0
75 78 6.0
75 79 6.0
75 80 1.0
75 81 9.0
75 82 1.0
75 83 9.0
75 84 6.0
75 85 8.0
75 86 3.0
75 87 0.0
75 88 6.0
75 89 5.0
75 90 1.0
75 91 4.0
75 92 4.0
75 93 3.0
75 94 7.0
75 95 6.0
75 96 1.0
75 97 8.0
75 98 4.0
75 99 7.0
75 100 7.0
75 101 5.0
75 102 1.0
75 103 0.0
75 104 3.0
75 105 7.0
75 106 1.0
75 107 4.0
75 108 4.0
75 109 6.0
75 110 8.0
75 111 8.0
75 112 4.0
75 113 7.0
75 114 9.0
75 115 2.0
75 116 2.0
75 117 9.0
75 118 0.0
75 119 3.0
75 120 8.0
75 121 1.0
75 122 9.0
75 123 0.0
75 124 5.0
76 77 0.0
76 78 1.0
76 79 3.0
76 80 3.0
76 81 7.0
76 82 6.0
76 83 7.0
76 84 2.0
76 85 4.0
76 86 9.0
76 87 6.0
76 88 1.0
76 89 6.0
76 90 5.0
76 91 1.0
76 92 0.0
76 93 3.0
76 94 3.0
76 95 8.0
76 96 4.0
76 97 6.0
76 98 4.0
76 99 4.0
76 100 2.0
76 101 6.0
76 102 4.0
76 103 3.0
76 104 2.0
76 105 6.0
76 106 1.0
76 107 3.0
76 108 8.0
76 109 3.0
76 110 8.0
76 111 1.0
76 112 7.0
76 113 4.0
76 114 5.0
76 115 5.0
76 116 0.0
76 117 7.0
76 118 8.0
76 119 9.0
76 120 1.0
76 121 2.0
76 122 9.0
76 123 3.0
76 124 6.0
77 78 7.0
77 79 4.0
77 80 4.0
77 81 2.0
77 82 9.0
77 83 6.0
77 84 3.0
77 85 0.0
77 86 9.0
77 87 0.0
77 88 9.0
77 89 9.0
77 90 0.0
77 91 1.0
77 92 7.0
77 93 2.0
77 94 0.0
77 95 7.0
77 96 2.0
77 97 0.0
77 98 2.0
77 99 7.0
77 100 8.0
77 101 3.0
77 102 4.0
77 103 8.0
77 104 0.0
77 105 8.0
77 106 1.0
77 107 8.0
77 108 4.0
77 109 9.0
77 110 3.0
77 111 0.0
77 112 2.0
77 113 2.0
77 114 9.0
77 115 2.0
77 116 9.0
77 117 5.0
77 118 2.0
77 119 0.0
77 120 6.0
77 121 3.0
77 122 4.0
77 123 1.0
77 124 8.0
78 79 5.0
78 80 7.0
78 81 9.0
78 82 9.0
78 83 5.0
78 84 7.0
78 85 3.0
78 86 7.0
78 87 4.0
78 88 6.0
78 89 2.0
78 90 5.0
78 91 8.0
78 92 5.0
78 93 5.0
78 94 3.0
78 95 7.0
78 96 8.0
78 97 9.0
78 98 2.0
78 99 5.0
78 100 9.0
78 101 2.0
78 102 4.0
78 103 7.0
78 104 9.0
78 105 9.0
78 106 1.0
78 107 7.0
78 108 0.0
78 109 2.0
78 110 3.0
78 111 7.0
78 112 8.0
78 113 9.0
78 114 7.0
78 115 8.0
78 116 8.0
78 117 4.0
78 118 7.0
78 119 3.0
78 120 4.0
78 121 5.0
78 122 2.0
78 123 4.0
78 124 5.0
79 80 8.0
79 81 6.0
79 82 8.0
79 83 8.0
79 84 4.0
79 85 9.0
79 86 1.0
79 87 2.0
79 88 0.0
79 89 5.0
79 90 2.0
79 91 8.0
79 92 6.0
79 93 8.0
79 94 2.0
79 95 7.0
79 96 2.0
79 97 9.0
79 98 0.0
79 99 9.0
79 100 0.0
79 101 8.0
79 102 4.0
79 103 5.0
79 104 5.0
79 105 7.0
79 106 0.0
79 107 0.0
79 108 3.0
79 109 8.0
79 110 3.0
79 111 2.0
79 112 0.0
79 113 5.0
79 114 7.0
79 115 3.0
79 116 0.0
79 117 6.0
79 118 3.0
79 119 1.0
79 120 8.0
79 121 6.0
79 122 9.0
79 123 4.0
79 124 8.0
80 81 9.0
80 82 6.0
80 83 1.0
80 84 5.0
80 85 4.0
80 86 6.0
80 87 2.0
80 88 0.0
80 89 7.0
80 90 4.0
80 91 1.0
80 92 1.0
80 93 6.0
80 94 0.0
80 95 0.0
80 96 2.0
80 97 2.0
80 98 4.0
80 99 6.0
80 100 0.0
80 101 0.0
80 102 8.0
80 103 1.0
80 104 0.0
80 105 7.0
80 106 6.0
80 107 1.0
80 108 9.0
80 109 9.0
80 110 8.0
80 111 8.0
80 112 4.0
80 113 5.0
80 114 2.0
80 115 7.0
80 116 7.0
80 117 0.0
80 118 2.0
80 119 3.0
80 120 0.0
80 121 0.0
80 122 8.0
80 123 6.0
80 124 2.0
81 82 7.0
81 83 7.0
81 84 4.0
81 85 6.0
81 86 2.0
81 87 5.0
81 88 9.0
81 89 0.0
81 90 9.0
81 91 1.0
81 92 6.0
81 93 5.0
81 94 8.0
81 95 8.0
81 96 9.0
81 97 9.0
81 98 5.0
81 99 7.0
81 100 0.0
81 101 9.0
81 102 3.0
81 103 1.0
81 104 9.0
81 105 9.0
81 106 8.0
81 107 5.0
81 108 4.0
81 109 1.0
81 110 0.0
81 111 3.0
81 112 9.0
81 113 3.0
81 114 2.0
81 115 7.0
81 116 7.0
81 117 4.0
81 118 5.0
81 119 3.0
81 120 4.0
81 121 5.0
81 122 6.0
81 123 3.0
81 124 1.0
82 83 0.0
82 84 7.0
82 85 5.0
82 86 2.0
82 87 2.0
82 88 1.0
82 89 2.0
82 90 5.0
82 91 4.0
82 92 3.0
82 93 1.0
82 94 0.0
82 95 5.0
82 96 2.0
82 97 7.0
82 98 3.0
82 99 4.0
82 100 8.0
82 101 6.0
82 102 3.0
82 103 6.0
82 104 0.0
82 105 9.0
82 106 1.0
82 107 1.0
82 108 0.0
82 109 1.0
82 110 8.0
82 111 5.0
82 112 2.0
82 113 8.0
82 114 3.0
82 115 8.0
82 116 6.0
82 117 0.0
82 118 3.0
82 119 2.0
82 120 7.0
82 121 5.0
82 122 9.0
82 123 9.0
82 124 9.0
83 84 7.0
83 85 5.0
83 86 4.0
83 87 8.0
83 88 8.0
83 89 4.0
83 90 0.0
83 91 4.0
83 92 1.0
83 93 5.0
83 94 5.0
83 95 7.0
83 96 3.0
83 97 1.0
83 98 9.0
83 99 3.0
83 100 7.0
83 101 4.0
83 102 1.0
83 103 3.0
83 104 0.0
83 105 6.0
83 106 9.0
83 107 3.0
83 108 7.0
83 109 9.0
83 110 3.0
83 111 5.0
83 112 9.0
83 113 5.0
83 114 5.0
83 115 4.0
83 116 2.0
83 117 5.0
83 118 1.0
83 119 2.0
83 120 4.0
83 121 5.0
83 122 6.0
83 123 7.0
83 124 3.0
84 85 2.0
84 86 4.0
84 87 5.0
84 88 3.0
84 89 9.0
84 90 0.0
84 91 2.0
84 92 8.0
84 93 2.0
84 94 4.0
84 95 3.0
84 96 5.0
84 97 5.0
84 98 7.0
84 99 3.0
84 100 4.0
84 101 8.0
84 102 5.0
84 103 6.0
84 104 9.0
84 105 9.0
84 106 9.0
84 107 7.0
84 108 2.0
84 109 9.0
84 110 9.0
84 111 2.0
84 112 8.0
84 113 5.0
84 114 9.0
84 115 9.0
84 116 5.0
84 117 1.0
84 118 0.0
84 119 7.0
84 120 1.0
84 121 6.0
84 122 5.0
84 123 8.0
84 124 5.0
85 86 1.0
85 87 9.0
85 88 4.0
85 89 0.0
85 90 5.0
85 91 2.0
85 92 4.0
85 93 4.0
85 94 7.0
85 95 8.0
85 96 4.0
85 97 1.0
85 98 6.0
85 99 0.0
85 100 5.0
85 101 0.0
85 102 0.0
85 103 3.0
85 104 8.0
85 105 0.0
85 106 8.0
85 107 1.0
85 108 6.0
85 109 7.0
85 110 7.0
85 111 1.0
85 112 2.0
85 113 2.0
85 114 4.0
85 115 4.0
85 116 8.0
85 117 6.0
85 118 1.0
85 119 4.0
85 120 7.0
85 121 3.0
85 122 6.0
85 123 1.0
85 124 7.0
86 87 6.0
86 88 3.0
86 89 3.0
86 90 1.0
86 91 5.0
86 92 8.0
86 93 0.0
86 94 2.0
86 95 9.0
86 96 1.0
86 97 9.0
86 98 6.0
86 99 6.0
86 100 9.0
86 101 7.0
86 102 5.0
86 103 0.0
86 104 7.0
86 105 0.0
86 106 8.0
86 107 4.0
86 108 9.0
86 109 4.0
86 110 2.0
86 111 4.0
86 112 9.0
86 113 2.0
86 114 3.0
86 115 8.0
86 116 9.0
86 117 6.0
86 118 3.0
86 119 8.0
86 120 5.0
86 121 6.0
86 122 6.0
86 123 7.0
86 124 7.0
87 88 4.0
87 89 6.0
87 90 1.0
87 91 5.0
87 92 8.0
87 93 0.0
87 94 3.0
87 95 4.0
87 96 8.0
87 97 9.0
87 98 5.0
87 99 2.0
87 100 2.0
87 101 1.0
87 102 9.0
87 103 5.0
87 104 2.0
87 105 9.0
87 106 4.0
87 107 3.0
87 108 1.0
87 109 6.0
87 110 0.0
87 111 8.0
87 112 4.0
87 113 8.0
87 114 7.0
87 115 3.0
87 116 5.0
87 117 6.0
87 118 5.0
87 119 1.0
87 120 4.0
87 121 6.0
87 122 9.0
87 123 1.0
87 124 0.0
88 89 4.0
88 90 1.0
88 91 6.0
88 92 8.0
88 93 5.0
88 94 9.0
88 95 7.0
88 96 0.0
88 97 0.0
88 98 8.0
88 99 8.0
88 100 0.0
88 101 3.0
88 102 0.0
88 103 0.0
88 104 9.0
88 105 5.0
88 106 9.0
88 107 7.0
88 108 6.0
88 109 3.0
88 110 8.0
88 111 8.0
88 112 3.0
88 113 7.0
88 114 8.0
88 115 2.0
88 116 8.0
88 117 1.0
88 118 6.0
88 119 3.0
88 120 3.0
88 121 2.0
88 122 8.0
88 123 1.0
88 124 8.0
89 90 9.0
89 91 8.0
89 92 9.0
89 93 1.0
89 94 7.0
89 95 5.0
89 96 8.0
89 97 1.0
89 98 8.0
89 99 9.0
89 100 1.0
89 101 4.0
89 102 2.0
89 103 9.0
89 104 6.0
89 105 3.0
89 106 2.0
89 107 9.0
89 108 4.0
89 109 2.0
89 110 3.0
89 111 2.0
89 112 2.0
89 113 0.0
89 114 9.0
89 115 8.0
89 116 3.0
89 117 9.0
89 118 8.0
89 119 2.0
89 120 3.0
89 121 1.0
89 122 5.0
89 123 3.0
89 124 2.0
90 91 5.0
90 92 4.0
90 93 4.0
90 94 7.0
90 95 0.0
90 96 4.0
90 97 2.0
90 98 1.0
90 99 0.0
90 100 1.0
90 101 7.0
90 102 1.0
90 103 6.0
90 104 0.0
90 105 7.0
90 106 4.0
90 107 5.0
90 108 1.0
90 109 1.0
90 110 9.0
90 111 9.0
90 112 8.0
90 113 0.0
90 114 2.0
90 115 7.0
90 116 1.0
90 117 8.0
90 118 4.0
90 119 0.0
90 120 8.0
90 121 3.0
90 122 7.0
90 123 5.0
90 124 2.0
91 92 4.0
91 93 9.0
91 94 4.0
91 95 7.0
91 96 8.0
91 97 3.0
91 98 2.0
91 99 7.0
91 100 1.0
91 101 6.0
91 102 0.0
91 103 0.0
91 104 1.0
91 105 9.0
91 106 1.0
91 107 1.0
91 108 6.0
91 109 5.0
91 110 1.0
91 111 8.0
91 112 9.0
91 113 6.0
91 114 3.0
91 115 1.0
91 116 6.0
91 117 5.0
91 118 0.0
91 119 7.0
91 120 4.0
91 121 2.0
91 122 5.0
91 123 2.0
91 124 5.0
92 93 8.0
92 94 2.0
92 95 5.0
92 96 1.0
92 97 0.0
92 98 2.0
92 99 8.0
92 100 1.0
92 101 8.0
92 102 9.0
92 103 6.0
92 104 4.0
92 105 8.0
92 106 4.0
92 107 8.0
92 108 7.0
92 109 2.0
92 110 1.0
92 111 9.0
92 112 3.0
92 113 5.0
92 114 2.0
92 115 4.0
92 116 4.0
92 117 7.0
92 118 2.0
92 119 9.0
92 120 7.0
92 121 0.0
92 122 5.0
92 123 6.0
92 124 5.0
93 94 6.0
93 95 9.0
93 96 8.0
93 97 8.0
93 98 5.0
93 99 6.0
93 100 9.0
93 101 6.0
93 102 6.0
93 103 0.0
93 104 0.0
93 105 1.0
93 106 0.0
93 107 0.0
93 108 8.0
93 109 5.0
93 110 0.0
93 111 9.0
93 112 5.0
93 113 5.0
93 114 1.0
93 115 9.0
93 116 9.0
93 117 5.0
93 118 3.0
93 119 3.0
93 120 0.0
93 121 4.0
93 122 5.0
93 123 4.0
93 124 4.0
94 95 5.0
94 96 1.0
94 97 4.0
94 98 2.0
94 99 2.0
94 100 5.0
94 101 0.0
94 102 4.0
94 103 2.0
94 104 5.0
94 105 4.0
94 106 3.0
94 107 0.0
94 108 4.0
94 109 4.0
94 110 3.0
94 111 0.0
94 112 2.0
94 113 3.0
94 114 7.0
94 115 6.0
94 116 5.0
94 117 1.0
94 118 7.0
94 119 9.0
94 120 0.0
94 121 5.0
94 122 8.0
94 123 0.0
94 124 0.0
95 96 6.0
95 97 1.0
95 98 7.0
95 99 0.0
95 100 7.0
95 101 7.0
95 102 7.0
95 103 5.0
95 104 4.0
95 105 1.0
95 106 3.0
95 107 8.0
95 108 7.0
95 109 8.0
95 110 9.0
95 111 7.0
95 112 4.0
95 113 2.0
95 114 2.0
95 115 2.0
95 116 7.0
95 117 8.0
95 118 9.0
95 119 1.0
95 120 9.0
95 121 6.0
95 122 4.0
95 123 4.0
95 124 7.0
96 97 2.0
96 98 0.0
96 99 3.0
96 100 8.0
96 101 7.0
96 102 3.0
96 103 3.0
96 104 7.0
96 105 6.0
96 106 1.0
96 107 4.0
96 108 3.0
96 109 8.0
96 110 8.0
96 111 7.0
96 112 0.0
96 113 3.0
96 114 5.0
96 115 5.0
96 116 4.0
96 117 3.0
96 118 2.0
96 119 1.0
96 120 0.0
96 121 6.0
96 122 9.0
96 123 7.0
96 124 1.0
97 98 0.0
97 99 7.0
97 100 7.0
97 101 8.0
97 102 4.0
97 103 7.0
97 104 6.0
97 105 9.0
97 106 4.0
97 107 1.0
97 108 7.0
97 109 9.0
97 110 5.0
97 111 5.0
97 112 1.0
97 113 3.0
97 114 1.0
97 115 1.0
97 116 2.0
97 117 9.0
97 118 1.0
97 119 3.0
97 120 1.0
97 121 8.0
97 122 5.0
97 123 1.0
97 124 9.0
98 99 8.0
98 100 1.0
98 101 8.0
98 102 2.0
98 103 2.0
98 104 7.0
98 105 5.0
98 106 7.0
98 107 9.0
98 108 9.0
98 109 4.0
98 110 4.0
98 111 1.0
98 112 3.0
98 113 6.0
98 114 2.0
98 115 1.0
98 116 9.0
98 117 1.0
98 118 0.0
98 119 4.0
98 120 7.0
98 121 8.0
98 122 3.0
98 123 4.0
98 124 8.0
99 100 6.0
99 101 9.0
99 102 2.0
99 103 7.0
99 104 8.0
99 105 1.0
99 106 0.0
99 107 5.0
99 108 0.0
99 109 5.0
99 110 8.0
99 111 2.0
99 112 9.0
99 113 7.0
99 114 9.0
99 115 4.0
99 116 5.0
99 117 4.0
99 118 4.0
99 119 3.0
99 120 5.0
99 121 5.0
99 122 8.0
99 123 3.0
99 124 7.0
100 101 0.0
100 102 0.0
100 103 3.0
100 104 4.0
100 105 0.0
100 106 2.0
100 107 7.0
100 108 9.0
100 109 6.0
100 110 6.0
100 111 1.0
100 112 4.0
100 113 5.0
100 114 5.0
100 115 2.0
100 116 6.0
100 117 9.0
100 118 9.0
100 119 4.0
100 120 5.0
100 121 2.0
100 122 4.0
100 123 5.0
100 124 7.0
101 102 3.0
101 103 1.0
101 104 0.0
101 105 1.0
101 106 2.0
101 107 0.0
101 108 3.0
101 109 1.0
101 110 7.0
101 111 1.0
101 112 2.0
101 113 7.0
101 114 8.0
101 115 6.0
101 116 5.0
101 117 2.0
101 118 6.0
101 119 6.0
101 120 1.0
101 121 2.0
101 122 0.0
101 123 8.0
101 124 8.0
102 103 3.0
102 104 7.0
102 105 0.0
102 106 9.0
102 107 2.0
102 108 8.0
102 109 1.0
102 110 7.0
102 111 4.0
102 112 2.0
102 113 0.0
102 114 2.0
102 115 4.0
102 116 2.0
102 117 5.0
102 118 3.0
102 119 5.0
102 120 4.0
102 121 5.0
102 122 0.0
102 123 1.0
102 124 5.0
103 104 8.0
103 105 6.0
103 106 2.0
103 107 0.0
103 108 3.0
103 109 3.0
103 110 9.0
103 111 7.0
103 112 9.0
103 113 6.0
103 114 4.0
103 115 2.0
103 116 9.0
103 117 9.0
103 118 0.0
103 119 2.0
103 120 3.0
103 121 6.0
103 122 9.0
103 123 8.0
103 124 9.0
104 105 4.0
104 106 4.0
104 107 0.0
104 108 8.0
104 109 2.0
104 110 4.0
104 111 7.0
104 112 9.0
104 113 6.0
104 114 6.0
104 115 2.0
104 116 0.0
104 117 4.0
104 118 3.0
104 119 6.0
104 120 1.0
104 121 4.0
104 122 3.0
104 123 0.0
104 124 7.0
105 106 8.0
105 107 8.0
105 108 1.0
105 109 9.0
105 110 5.0
105 111 6.0
105 112 6.0
105 113 3.0
105 114 9.0
105 115 5.0
105 116 4.0
105 117 8.0
105 118 4.0
105 119 7.0
105 120 2.0
105 121 6.0
105 122 3.0
105 123 4.0
105 124 7.0
106 107 5.0
106 108 3.0
106 109 6.0
106 110 5.0
106 111 8.0
106 112 8.0
106 113 0.0
106 114 1.0
106 115 0.0
106 116 7.0
106 117 8.0
106 118 9.0
106 119 1.0
106 120 1.0
106 121 9.0
106 122 5.0
106 123 1.0
106 124 0.0
107 108 4.0
107 109 4.0
107 110 4.0
107 111 5.0
107 112 2.0
107 113 4.0
107 114 9.0
107 115 7.0
107 116 8.0
107 117 2.0
107 118 1.0
107 119 9.0
107 120 7.0
107 121 9.0
107 122 3.0
107 123 6.0
107 124 8.0
108 109 7.0
108 110 1.0
108 111 9.0
108 112 8.0
108 113 1.0
108 114 7.0
108 115 0.0
108 116 3.0
108 117 2.0
108 118 6.0
108 119 8.0
108 120 3.0
108 121 7.0
108 122 6.0
108 123 4.0
108 124 6.0
109 110 2.0
109 111 4.0
109 112 4.0
109 113 1.0
109 114 8.0
109 115 2.0
109 116 7.0
109 117 0.0
109 118 4.0
109 119 9.0
109 120 0.0
109 121 2.0
109 122 0.0
109 123 5.0
109 124 8.0
110 111 7.0
110 112 0.0
110 113 0.0
110 114 7.0
110 115 7.0
110 116 9.0
110 117 9.0
110 118 9.0
110 119 0.0
110 120 5.0
110 121 7.0
110 122 1.0
110 123 3.0
110 124 9.0
111 112 7.0
111 113 5.0
111 114 7.0
111 115 3.0
111 116 6.0
111 117 8.0
111 118 9.0
111 119 5.0
111 120 8.0
111 121 8.0
111 122 4.0
111 123 6.0
111 124 0.0
112 113 6.0
112 114 2.0
112 115 3.0
112 116 7.0
112 117 0.0
112 118 5.0
112 119 6.0
112 120 9.0
112 121 5.0
112 122 9.0
112 123 6.0
112 124 0.0
113 114 5.0
113 115 4.0
113 116 4.0
113 117 1.0
113 118 9.0
113 119 3.0
113 120 4.0
113 121 4.0
113 122 3.0
113 123 7.0
113 124 7.0
114 115 5.0
114 116 8.0
114 117 1.0
114 118 0.0
114 119 9.0
114 120 1.0
114 121 0.0
114 122 4.0
114 123 1.0
114 124 2.0
115 116 5.0
115 117 5.0
115 118 2.0
115 119 7.0
115 120 8.0
115 121 5.0
115 122 4.0
115 123 4.0
115 124 4.0
116 117 1.0
116 118 7.0
116 119 0.0
116 120 9.0
116 121 3.0
116 122 7.0
116 123 7.0
116 124 9.0
117 118 2.0
117 119 4.0
117 120 9.0
117 121 4.0
117 122 1.0
117 123 4.0
117 124 3.0
118 119 5.0
118 120 6.0
118 121 1.0
118 122 3.0
118 123 0.0
118 124 6.0
119 120 9.0
119 121 1.0
119 122 2.0
119 123 1.0
119 124 8.0
120 121 2.0
120 122 0.0
120 123 1.0
120 124 2.0
121 122 8.0
121 123 2.0
121 124 7.0
122 123 6.0
122 124 6.0
123 124 9.0
