125 37
0 1 3.0
0 2 2.0
0 3 4.0
0 4 3.0
0 5 8.0
0 6 9.0
0 7 4.0
0 8 8.0
0 9 5.0
0 10 0.0
0 11 5.0
0 12 7.0
0 13 9.0
0 14 0.0
0 15 4.0
0 16 6.0
0 17 6.0
0 18 7.0
0 19 7.0
0 20 6.0
0 21 8.0
0 22 9.0
0 23 6.0
0 24 1.0
0 25 9.0
0 26 1.0
0 27 6.0
0 28 4.0
0 29 1.0
0 30 1.0
0 31 9.0
0 32 4.0
0 33 9.0
0 34 0.0
0 35 7.0
0 36 0.0
0 37 8.0
0 38 7.0
0 39 5.0
0 40 5.0
0 41 9.0
0 42 7.0
0 43 2.0
0 44 8.0
0 45 0.0
0 46 4.0
0 47 5.0
0 48 6.0
0 49 6.0
0 50 1.0
0 51 4.0
0 52 6.0
0 53 0.0
0 54 7.0
0 55 2.0
0 56 5.0
0 57 6.0
0 58 6.0
0 59 6.0
0 60 0.0
0 61 1.0
0 62 5.0
0 63 7.0
0 64 9.0
0 65 7.0
0 66 5.0
0 67 5.0
0 68 8.0
0 69 1.0
0 70 5.0
0 71 3.0
0 72 9.0
0 73 8.0
0 74 3.0
0 75 5.0
0 76 3.0
0 77 3.0
0 78 9.0
0 79 3.0
0 80 9.0
0 81 8.0
0 82 7.0
0 83 9.0
0 84 6.0
0 85 9.0
0 86 8.0
0 87 4.0
0 88 1.0
0 89 6.0
0 90 3.0
0 91 5.0
0 92 5.0
0 93 9.0
0 94 0.0
0 95 1.0
0 96 9.0
0 97 3.0
0 98 6.0
0 99 0.0
0 100 6.0
0 101 7.0
0 102 1.0
0 103 7.0
0 104 4.0
0 105 0.0
0 106 1.0
0 107 2.0
0 108 9.0
0 109 1.0
0 110 5.0
0 111 5.0
0 112 5.0
0 113 3.0
0 114 0.0
0 115 4.0
0 116 5.0
0 117 8.0
0 118 9.0
0 119 8.0
0 120 7.0
0 121 7.0
0 122 5.0
0 123 3.0
0 124 1.0
1 2 1.0
1 3 6.0
1 4 9.0
1 5 4.0
1 6 5.0
1 7 4.0
1 8 1.0
1 9 3.0
1 10 0.0
1 11 7.0
1 12 6.0
1 13 8.0
1 14 3.0
1 15 0.0
1 16 6.0
1 17 6.0
1 18 5.0
1 19 2.0
1 20 8.0
1 21 8.0
1 22 3.0
1 23 0.0
1 24 9.0
1 25 6.0
1 26 9.0
1 27 7.0
1 28 0.0
1 29 7.0
1 30 3.0
1 31 0.0
1 32 2.0
1 33 1.0
1 34 6.0
1 35 4.0
1 36 3.0
1 37 8.0
1 38 3.0
1 39 6.0
1 40 5.0
1 41 3.0
1 42 5.0
1 43 6.0
1 44 7.0
1 45 4.0
1 46 7.0
1 47 4.0
1 48 4.0
1 49 3.0
1 50 7.0
1 51 7.0
1 52 8.0
1 53 9.0
1 54 2.0
1 55 8.0
1 56 8.0
1 57 4.0
1 58 7.0
1 59 4.0
1 60 5.0
1 61 6.0
1 62 4.0
1 63 6.0
1 64 8.0
1 65 8.0
1 66 1.0
1 67 0.0
1 68 8.0
1 69 8.0
1 70 5.0
1 71 0.0
1 72 7.0
1 73 0.0
1 74 1.0
1 75 0.0
1 76 8.0
1 77 8.0
1 78 4.0
1 79 7.0
1 80 8.0
1 81 3.0
1 82 4.0
1 83 2.0
1 84 3.0
1 85 6.0
1 86 2.0
1 87 3.0
1 88 1.0
1 89 5.0
1 90 8.0
1 91 7.0
1 92 0.0
1 93 4.0
1 94 2.0
1 95 9.0
1 96 1.0
1 97 6.0
1 98 9.0
1 99 6.0
1 100 8.0
1 101 3.0
1 102 9.0
1 103 7.0
1 104 1.0
1 105 2.0
1 106 9.0
1 107 7.0
1 108 6.0
1 109 6.0
1 110 2.0
1 111 5.0
1 112 7.0
1 113 1.0
1 114 4.0
1 115 4.0
1 116 5.0
1 117 7.0
1 118 1.0
1 119 1.0
1 120 0.0
1 121 0.0
1 122 7.0
1 123 5.0
1 124 1.0
2 3 3.0
2 4 2.0
2 5 9.0
2 6 1.0
2 7 3.0
2 8 5.0
2 9 0.0
2 10 0.0
2 11 3.0
2 12 3.0
2 13 7.0
2 14 5.0
2 15 6.0
2 16 0.0
2 17 8.0
2 18 8.0
2 19 6.0
2 20 9.0
2 21 7.0
2 22 0.0
2 23 6.0
2 24 4.0
2 25 0.0
2 26 9.0
2 27 9.0
2 28 3.0
2 29 9.0
2 30 8.0
2 31 2.0
2 32 0.0
2 33 8.0
2 34 2.0
2 35 8.0
2 36 0.0
2 37 9.0
2 38 4.0
2 39 0.0
2 40 6.0
2 41 0.0
2 42 7.0
2 43 2.0
2 44 1.0
2 45 8.0
2 46 0.0
2 47 6.0
2 48 3.0
2 49 8.0
2 50 7.0
2 51 0.0
2 52 1.0
2 53 2.0
2 54 3.0
2 55 8.0
2 56 2.0
2 57 7.0
2 58 1.0
2 59 0.0
2 60 4.0
2 61 5.0
2 62 3.0
2 63 3.0
2 64 4.0
2 65 1.0
2 66 7.0
2 67 1.0
2 68 7.0
2 69 5.0
2 70 0.0
2 71 7.0
2 72 3.0
2 73 0.0
2 74 9.0
2 75 2.0
2 76 9.0
2 77 2.0
2 78 3.0
2 79 2.0
2 80 5.0
2 81 7.0
2 82 8.0
2 83 5.0
2 84 7.0
2 85 8.0
2 86 6.0
2 87 9.0
2 88 5.0
2 89 0.0
2 90 1.0
2 91 1.0
2 92 4.0
2 93 1.0
2 94 6.0
2 95 2.0
2 96 5.0
2 97 6.0
2 98 5.0
2 99 4.0
2 100 5.0
2 101 8.0
2 102 8.0
2 103 6.0
2 104 6.0
2 105 4.0
2 106 4.0
2 107 9.0
2 108 1.0
2 109 4.0
2 110 9.0
2 111 1.0
2 112 2.0
2 113 8.0
2 114 4.0
2 115 8.0
2 116 9.0
2 117 5.0
2 118 2.0
2 119 2.0
2 120 0.0
2 121 3.0
2 122 9.0
2 123 4.0
2 124 5.0
3 4 4.0
3 5 6.0
3 6 4.0
3 7 8.0
3 8 4.0
3 9 7.0
3 10 3.0
3 11 4.0
3 12 1.0
3 13 6.0
3 14 9.0
3 15 8.0
3 16 7.0
3 17 8.0
3 18 6.0
3 19 3.0
3 20 0.0
3 21 6.0
3 22 4.0
3 23 1.0
3 24 7.0
3 25 8.0
3 26 7.0
3 27 4.0
3 28 2.0
3 29 6.0
3 30 6.0
3 31 0.0
3 32 9.0
3 33 3.0
3 34 7.0
3 35 2.0
3 36 7.0
3 37 1.0
3 38 9.0
3 39 6.0
3 40 8.0
3 41 1.0
3 42 7.0
3 43 7.0
3 44 3.0
3 45 5.0
3 46 4.0
3 47 1.0
3 48 1.0
3 49 8.0
3 50 1.0
3 51 9.0
3 52 0.0
3 53 0.0
3 54 2.0
3 55 6.0
3 56 0.0
3 57 5.0
3 58 2.0
3 59 2.0
3 60 9.0
3 61 0.0
3 62 6.0
3 63 0.0
3 64 0.0
3 65 1.0
3 66 2.0
3 67 4.0
3 68 8.0
3 69 5.0
3 70 0.0
3 71 2.0
3 72 3.0
3 73 0.0
3 74 4.0
3 75 8.0
3 76 7.0
3 77 6.0
3 78 9.0
3 79 2.0
3 80 4.0
3 81 0.0
3 82 2.0
3 83 1.0
3 84 5.0
3 85 0.0
3 86 2.0
3 87 2.0
3 88 2.0
3 89 4.0
3 90 1.0
3 91 0.0
3 92 8.0
3 93 3.0
3 94 6.0
3 95 9.0
3 96 2.0
3 97 6.0
3 98 7.0
3 99 3.0
3 100 0.0
3 101 5.0
3 102 0.0
3 103 5.0
3 104 9.0
3 105 0.0
3 106 4.0
3 107 0.0
3 108 1.0
3 109 1.0
3 110 4.0
3 111 0.0
3 112 4.0
3 113 6.0
3 114 0.0
3 115 0.0
3 116 0.0
3 117 6.0
3 118 8.0
3 119 5.0
3 120 5.0
3 121 7.0
3 122 0.0
3 123 0.0
3 124 8.0
4 5 7.0
4 6 7.0
4 7 0.0
4 8 6.0
4 9 0.0
4 10 1.0
4 11 0.0
4 12 0.0
4 13 0.0
4 14 1.0
4 15 4.0
4 16 9.0
4 17 7.0
4 18 8.0
4 19 0.0
4 20 8.0
4 21 4.0
4 22 3.0
4 23 5.0
4 24 0.0
4 25 0.0
4 26 5.0
4 27 4.0
4 28 5.0
4 29 1.0
4 30 3.0
4 31 8.0
4 32 8.0
4 33 1.0
4 34 4.0
4 35 4.0
4 36 5.0
4 37 7.0
4 38 8.0
4 39 2.0
4 40 6.0
4 41 3.0
4 42 0.0
4 43 5.0
4 44 9.0
4 45 8.0
4 46 6.0
4 47 2.0
4 48 5.0
4 49 0.0
4 50 4.0
4 51 6.0
4 52 7.0
4 53 2.0
4 54 4.0
4 55 2.0
4 56 4.0
4 57 4.0
4 58 9.0
4 59 6.0
4 60 0.0
4 61 4.0
4 62 8.0
4 63 1.0
4 64 2.0
4 65 8.0
4 66 4.0
4 67 8.0
4 68 0.0
4 69 0.0
4 70 7.0
4 71 2.0
4 72 3.0
4 73 0.0
4 74 9.0
4 75 7.0
4 76 4.0
4 77 8.0
4 78 2.0
4 79 4.0
4 80 9.0
4 81 5.0
4 82 5.0
4 83 4.0
4 84 8.0
4 85 4.0
4 86 5.0
4 87 7.0
4 88 5.0
4 89 4.0
4 90 5.0
4 91 9.0
4 92 7.0
4 93 1.0
4 94 3.0
4 95 9.0
4 96 2.0
4 97 0.0
4 98 4.0
4 99 8.0
4 100 9.0
4 101 2.0
4 102 9.0
4 103 5.0
4 104 8.0
4 105 9.0
4 106 6.0
4 107 8.0
4 108 0.0
4 109 7.0
4 110 8.0
4 111 5.0
4 112 9.0
4 113 9.0
4 114 7.0
4 115 4.0
4 116 0.0
4 117 0.0
4 118 0.0
4 119 6.0
4 120 2.0
4 121 1.0
4 122 2.0
4 123 7.0
4 124 7.0
5 6 5.0
5 7 0.0
5 8 8.0
5 9 9.0
5 10 4.0
5 11 6.0
5 12 4.0
5 13 1.0
5 14 0.0
5 15 5.0
5 16 8.0
5 17 9.0
5 18 6.0
5 19 3.0
5 20 9.0
5 21 5.0
5 22 3.0
5 23 0.0
5 24 0.0
5 25 7.0
5 26 6.0
5 27 4.0
5 28 8.0
5 29 1.0
5 30 3.0
5 31 0.0
5 32 4.0
5 33 6.0
5 34 9.0
5 35 1.0
5 36 5.0
5 37 9.0
5 38 6.0
5 39 4.0
5 40 5.0
5 41 1.0
5 42 8.0
5 43 0.0
5 44 6.0
5 45 9.0
5 46 4.0
5 47 4.0
5 48 0.0
5 49 4.0
5 50 9.0
5 51 5.0
5 52 4.0
5 53 0.0
5 54 0.0
5 55 3.0
5 56 4.0
5 57 4.0
5 58 6.0
5 59 2.0
5 60 4.0
5 61 0.0
5 62 2.0
5 63 9.0
5 64 8.0
5 65 2.0
5 66 6.0
5 67 2.0
5 68 0.0
5 69 7.0
5 70 7.0
5 71 3.0
5 72 1.0
5 73 1.0
5 74 7.0
5 75 0.0
5 76 0.0
5 77 3.0
5 78 4.0
5 79 2.0
5 80 8.0
5 81 6.0
5 82 8.0
5 83 4.0
5 84 9.0
5 85 9.0
5 86 9.0
5 87 4.0
5 88 1.0
5 89 0.0
5 90 8.0
5 91 1.0
5 92 2.0
5 93 1.0
5 94 5.0
5 95 9.0
5 96 3.0
5 97 0.0
5 98 4.0
5 99 0.0
5 100 2.0
5 101 5.0
5 102 4.0
5 103 3.0
5 104 9.0
5 105 3.0
5 106 8.0
5 107 3.0
5 108 2.0
5 109 0.0
5 110 1.0
5 111 2.0
5 112 8.0
5 113 3.0
5 114 3.0
5 115 4.0
5 116 8.0
5 117 2.0
5 118 1.0
5 119 3.0
5 120 8.0
5 121 1.0
5 122 3.0
5 123 4.0
5 124 8.0
6 7 0.0
6 8 7.0
6 9 1.0
6 10 4.0
6 11 7.0
6 12 4.0
6 13 3.0
6 14 3.0
6 15 9.0
6 16 6.0
6 17 8.0
6 18 2.0
6 19 7.0
6 20 1.0
6 21 3.0
6 22 4.0
6 23 0.0
6 24 4.0
6 25 6.0
6 26 5.0
6 27 3.0
6 28 3.0
6 29 5.0
6 30 7.0
6 31 5.0
6 32 4.0
6 33 7.0
6 34 3.0
6 35 1.0
6 36 7.0
6 37 8.0
6 38 6.0
6 39 2.0
6 40 0.0
6 41 6.0
6 42 0.0
6 43 5.0
6 44 1.0
6 45 0.0
6 46 7.0
6 47 2.0
6 48 6.0
6 49 2.0
6 50 5.0
6 51 1.0
6 52 6.0
6 53 8.0
6 54 8.0
6 55 3.0
6 56 9.0
6 57 9.0
6 58 6.0
6 59 6.0
6 60 4.0
6 61 8.0
6 62 4.0
6 63 8.0
6 64 1.0
6 65 3.0
6 66 4.0
6 67 8.0
6 68 0.0
6 69 7.0
6 70 9.0
6 71 3.0
6 72 0.0
6 73 0.0
6 74 4.0
6 75 8.0
6 76 7.0
6 77 5.0
6 78 4.0
6 79 1.0
6 80 6.0
6 81 3.0
6 82 7.0
6 83 7.0
6 84 3.0
6 85 7.0
6 86 3.0
6 87 9.0
6 88 5.0
6 89 4.0
6 90 8.0
6 91 8.0
6 92 2.0
6 93 7.0
6 94 1.0
6 95 3.0
6 96 7.0
6 97 7.0
6 98 4.0
6 99 1.0
6 100 3.0
6 101 0.0
6 102 8.0
6 103 4.0
6 104 9.0
6 105 6.0
6 106 3.0
6 107 5.0
6 108 1.0
6 109 2.0
6 110 8.0
6 111 4.0
6 112 7.0
6 113 3.0
6 114 3.0
6 115 4.0
6 116 7.0
6 117 8.0
6 118 6.0
6 119 8.0
6 120 3.0
6 121 7.0
6 122 1.0
6 123 1.0
6 124 5.0
7 8 6.0
7 9 6.0
7 10 3.0
7 11 2.0
7 12 4.0
7 13 3.0
7 14 6.0
7 15 0.0
7 16 2.0
7 17 5.0
7 18 5.0
7 19 5.0
7 20 3.0
7 21 4.0
7 22 8.0
7 23 5.0
7 24 0.0
7 25 1.0
7 26 5.0
7 27 3.0
7 28 8.0
7 29 4.0
7 30 6.0
7 31 7.0
7 32 7.0
7 33 7.0
7 34 3.0
7 35 3.0
7 36 6.0
7 37 0.0
7 38 8.0
7 39 2.0
7 40 8.0
7 41 7.0
7 42 7.0
7 43 8.0
7 44 9.0
7 45 1.0
7 46 1.0
7 47 3.0
7 48 8.0
7 49 1.0
7 50 5.0
7 51 8.0
7 52 0.0
7 53 7.0
7 54 8.0
7 55 5.0
7 56 3.0
7 57 8.0
7 58 3.0
7 59 0.0
7 60 4.0
7 61 4.0
7 62 3.0
7 63 5.0
7 64 1.0
7 65 1.0
7 66 6.0
7 67 6.0
7 68 7.0
7 69 5.0
7 70 5.0
7 71 2.0
7 72 3.0
7 73 2.0
7 74 3.0
7 75 8.0
7 76 8.0
7 77 7.0
7 78 4.0
7 79 9.0
7 80 6.0
7 81 6.0
7 82 7.0
7 83 9.0
7 84 0.0
7 85 2.0
7 86 8.0
7 87 8.0
7 88 5.0
7 89 0.0
7 90 4.0
7 91 9.0
7 92 1.0
7 93 8.0
7 94 7.0
7 95 7.0
7 96 4.0
7 97 6.0
7 98 4.0
7 99 4.0
7 100 2.0
7 101 7.0
7 102 2.0
7 103 3.0
7 104 1.0
7 105 4.0
7 106 9.0
7 107 7.0
7 108 0.0
7 109 8.0
7 110 7.0
7 111 5.0
7 112 4.0
7 113 5.0
7 114 5.0
7 115 4.0
7 116 1.0
7 117 2.0
7 118 2.0
7 119 9.0
7 120 8.0
7 121 5.0
7 122 3.0
7 123 7.0
7 124 9.0
8 9 8.0
8 10 6.0
8 11 5.0
8 12 2.0
8 13 4.0
8 14 0.0
8 15 7.0
8 16 7.0
8 17 3.0
8 18 1.0
8 19 4.0
8 20 7.0
8 21 1.0
8 22 4.0
8 23 5.0
8 24 2.0
8 25 1.0
8 26 0.0
8 27 7.0
8 28 4.0
8 29 2.0
8 30 4.0
8 31 4.0
8 32 5.0
8 33 1.0
8 34 6.0
8 35 4.0
8 36 7.0
8 37 6.0
8 38 3.0
8 39 7.0
8 40 2.0
8 41 5.0
8 42 9.0
8 43 2.0
8 44 2.0
8 45 6.0
8 46 1.0
8 47 1.0
8 48 4.0
8 49 4.0
8 50 6.0
8 51 9.0
8 52 9.0
8 53 4.0
8 54 6.0
8 55 5.0
8 56 8.0
8 57 5.0
8 58 0.0
8 59 5.0
8 60 3.0
8 61 4.0
8 62 7.0
8 63 2.0
8 64 5.0
8 65 8.0
8 66 7.0
8 67 1.0
8 68 5.0
8 69 6.0
8 70 2.0
8 71 5.0
8 72 6.0
8 73 7.0
8 74 4.0
8 75 7.0
8 76 0.0
8 77 8.0
8 78 2.0
8 79 2.0
8 80 5.0
8 81 9.0
8 82 4.0
8 83 0.0
8 84 9.0
8 85 9.0
8 86 8.0
8 87 3.0
8 88 5.0
8 89 7.0
8 90 1.0
8 91 2.0
8 92 2.0
8 93 3.0
8 94 5.0
8 95 0.0
8 96 4.0
8 97 6.0
8 98 5.0
8 99 7.0
8 100 3.0
8 101 3.0
8 102 1.0
8 103 5.0
8 104 7.0
8 105 5.0
8 106 9.0
8 107 8.0
8 108 4.0
8 109 3.0
8 110 3.0
8 111 6.0
8 112 6.0
8 113 1.0
8 114 3.0
8 115 4.0
8 116 4.0
8 117 5.0
8 118 1.0
8 119 7.0
8 120 2.0
8 121 6.0
8 122 1.0
8 123 1.0
8 124 0.0
9 10 1.0
9 11 3.0
9 12 7.0
9 13 7.0
9 14 5.0
9 15 0.0
9 16 0.0
9 17 7.0
9 18 2.0
9 19 0.0
9 20 2.0
9 21 2.0
9 22 3.0
9 23 0.0
9 24 1.0
9 25 9.0
9 26 1.0
9 27 1.0
9 28 2.0
9 29 1.0
9 30 5.0
9 31 9.0
9 32 0.0
9 33 2.0
9 34 4.0
9 35 9.0
9 36 3.0
9 37 5.0
9 38 1.0
9 39 6.0
9 40 4.0
9 41 3.0
9 42 2.0
9 43 3.0
9 44 8.0
9 45 1.0
9 46 2.0
9 47 0.0
9 48 6.0
9 49 4.0
9 50 1.0
9 51 1.0
9 52 3.0
9 53 1.0
9 54 3.0
9 55 9.0
9 56 7.0
9 57 1.0
9 58 4.0
9 59 9.0
9 60 7.0
9 61 0.0
9 62 7.0
9 63 6.0
9 64 2.0
9 65 5.0
9 66 1.0
9 67 1.0
9 68 7.0
9 69 9.0
9 70 7.0
9 71 0.0
9 72 3.0
9 73 2.0
9 74 4.0
9 75 2.0
9 76 9.0
9 77 0.0
9 78 3.0
9 79 9.0
9 80 4.0
9 81 3.0
9 82 6.0
9 83 8.0
9 84 1.0
9 85 2.0
9 86 8.0
9 87 5.0
9 88 3.0
9 89 2.0
9 90 4.0
9 91 0.0
9 92 4.0
9 93 1.0
9 94 8.0
9 95 6.0
9 96 6.0
9 97 7.0
9 98 7.0
9 99 1.0
9 100 1.0
9 101 3.0
9 102 0.0
9 103 2.0
9 104 6.0
9 105 0.0
9 106 9.0
9 107 6.0
9 108 6.0
9 109 5.0
9 110 9.0
9 111 5.0
9 112 5.0
9 113 4.0
9 114 9.0
9 115 5.0
9 116 2.0
9 117 4.0
9 118 9.0
9 119 8.0
9 120 3.0
9 121 3.0
9 122 7.0
9 123 9.0
9 124 9.0
10 11 9.0
10 12 4.0
10 13 3.0
10 14 9.0
10 15 1.0
10 16 6.0
10 17 9.0
10 18 3.0
10 19 2.0
10 20 7.0
10 21 6.0
10 22 6.0
10 23 7.0
10 24 9.0
10 25 7.0
10 26 4.0
10 27 8.0
10 28 5.0
10 29 0.0
10 30 9.0
10 31 3.0
10 32 4.0
10 33 3.0
10 34 0.0
10 35 6.0
10 36 3.0
10 37 5.0
10 38 9.0
10 39 2.0
10 40 3.0
10 41 4.0
10 42 2.0
10 43 6.0
10 44 6.0
10 45 2.0
10 46 5.0
10 47 0.0
10 48 8.0
10 49 4.0
10 50 1.0
10 51 1.0
10 52 4.0
10 53 8.0
10 54 2.0
10 55 1.0
10 56 4.0
10 57 1.0
10 58 6.0
10 59 4.0
10 60 8.0
10 61 9.0
10 62 6.0
10 63 8.0
10 64 9.0
10 65 0.0
10 66 0.0
10 67 3.0
10 68 5.0
10 69 7.0
10 70 9.0
10 71 5.0
10 72 7.0
10 73 0.0
10 74 1.0
10 75 2.0
10 76 0.0
10 77 7.0
10 78 4.0
10 79 7.0
10 80 5.0
10 81 3.0
10 82 3.0
10 83 8.0
10 84 4.0
10 85 0.0
10 86 0.0
10 87 4.0
10 88 4.0
10 89 6.0
10 90 6.0
10 91 0.0
10 92 5.0
10 93 8.0
10 94 5.0
10 95 5.0
10 96 2.0
10 97 1.0
10 98 1.0
10 99 5.0
10 100 4.0
10 101 5.0
10 102 8.0
10 103 6.0
10 104 3.0
10 105 6.0
10 106 3.0
10 107 6.0
10 108 3.0
10 109 4.0
10 110 5.0
10 111 0.0
10 112 1.0
10 113 0.0
10 114 8.0
10 115 7.0
10 116 1.0
10 117 0.0
10 118 8.0
10 119 0.0
10 120 6.0
10 121 9.0
10 122 2.0
10 123 0.0
10 124 7.0
11 12 5.0
11 13 0.0
11 14 5.0
11 15 5.0
11 16 9.0
11 17 7.0
11 18 7.0
11 19 3.0
11 20 8.0
11 21 5.0
11 22 9.0
11 23 0.0
11 24 5.0
11 25 7.0
11 26 3.0
11 27 9.0
11 28 5.0
11 29 5.0
11 30 8.0
11 31 6.0
11 32 4.0
11 33 2.0
11 34 9.0
11 35 2.0
11 36 3.0
11 37 8.0
11 38 2.0
11 39 2.0
11 40 6.0
11 41 3.0
11 42 0.0
11 43 9.0
11 44 1.0
11 45 3.0
11 46 2.0
11 47 6.0
11 48 1.0
11 49 0.0
11 50 6.0
11 51 4.0
11 52 6.0
11 53 0.0
11 54 3.0
11 55 8.0
11 56 4.0
11 57 0.0
11 58 8.0
11 59 2.0
11 60 2.0
11 61 6.0
11 62 0.0
11 63 6.0
11 64 0.0
11 65 2.0
11 66 1.0
11 67 6.0
11 68 9.0
11 69 9.0
11 70 0.0
11 71 3.0
11 72 8.0
11 73 4.0
11 74 6.0
11 75 3.0
11 76 6.0
11 77 1.0
11 78 7.0
11 79 9.0
11 80 4.0
11 81 5.0
11 82 4.0
11 83 9.0
11 84 6.0
11 85 3.0
11 86 5.0
11 87 3.0
11 88 3.0
11 89 1.0
11 90 7.0
11 91 1.0
11 92 2.0
11 93 6.0
11 94 8.0
11 95 8.0
11 96 3.0
11 97 9.0
11 98 8.0
11 99 2.0
11 100 2.0
11 101 0.0
11 102 1.0
11 103 3.0
11 104 4.0
11 105 8.0
11 106 8.0
11 107 2.0
11 108 7.0
11 109 7.0
11 110 6.0
11 111 8.0
11 112 8.0
11 113 7.0
11 114 2.0
11 115 5.0
11 116 0.0
11 117 3.0
11 118 3.0
11 119 0.0
11 120 3.0
11 121 6.0
11 122 8.0
11 123 0.0
11 124 3.0
12 13 1.0
12 14 6.0
12 15 3.0
12 16 2.0
12 17 9.0
12 18 9.0
12 19 1.0
12 20 4.0
12 21 3.0
12 22 1.0
12 23 7.0
12 24 5.0
12 25 3.0
12 26 8.0
12 27 0.0
12 28 4.0
12 29 9.0
12 30 5.0
12 31 9.0
12 32 4.0
12 33 8.0
12 34 1.0
12 35 9.0
12 36 4.0
12 37 2.0
12 38 1.0
12 39 7.0
12 40 1.0
12 41 7.0
12 42 5.0
12 43 5.0
12 44 7.0
12 45 4.0
12 46 2.0
12 47 7.0
12 48 4.0
12 49 0.0
12 50 4.0
12 51 8.0
12 52 5.0
12 53 8.0
12 54 2.0
12 55 1.0
12 56 0.0
12 57 1.0
12 58 0.0
12 59 2.0
12 60 5.0
12 61 1.0
12 62 7.0
12 63 3.0
12 64 5.0
12 65 1.0
12 66 8.0
12 67 6.0
12 68 5.0
12 69 0.0
12 70 5.0
12 71 7.0
12 72 2.0
12 73 4.0
12 74 7.0
12 75 3.0
12 76 8.0
12 77 0.0
12 78 6.0
12 79 9.0
12 80 9.0
12 81 7.0
12 82 7.0
12 83 4.0
12 84 6.0
12 85 0.0
12 86 5.0
12 87 4.0
12 88 1.0
12 89 7.0
12 90 8.0
12 91 0.0
12 92 6.0
12 93 0.0
12 94 6.0
12 95 2.0
12 96 1.0
12 97 7.0
12 98 9.0
12 99 0.0
12 100 3.0
12 101 5.0
12 102 5.0
12 103 9.0
12 104 9.0
12 105 0.0
12 106 6.0
12 107 1.0
12 108 2.0
12 109 1.0
12 110 7.0
12 111 2.0
12 112 0.0
12 113 7.0
12 114 7.0
12 115 8.0
12 116 1.0
12 117 0.0
12 118 8.0
12 119 1.0
12 120 5.0
12 121 2.0
12 122 6.0
12 123 9.0
12 124 6.0
13 14 8.0
13 15 8.0
13 16 3.0
13 17 5.0
13 18 4.0
13 19 4.0
13 20 8.0
13 21 1.0
13 22 7.0
13 23 6.0
13 24 7.0
13 25 1.0
13 26 2.0
13 27 1.0
13 28 0.0
13 29 6.0
13 30 3.0
13 31 4.0
13 32 8.0
13 33 0.0
13 34 0.0
13 35 5.0
13 36 1.0
13 37 5.0
13 38 8.0
13 39 5.0
13 40 4.0
13 41 7.0
13 42 0.0
13 43 4.0
13 44 7.0
13 45 7.0
13 46 0.0
13 47 7.0
13 48 8.0
13 49 7.0
13 50 4.0
13 51 0.0
13 52 5.0
13 53 4.0
13 54 6.0
13 55 7.0
13 56 0.0
13 57 0.0
13 58 3.0
13 59 4.0
13 60 7.0
13 61 6.0
13 62 1.0
13 63 1.0
13 64 8.0
13 65 6.0
13 66 1.0
13 67 4.0
13 68 0.0
13 69 1.0
13 70 2.0
13 71 8.0
13 72 1.0
13 73 1.0
13 74 9.0
13 75 8.0
13 76 3.0
13 77 2.0
13 78 4.0
13 79 6.0
13 80 0.0
13 81 2.0
13 82 0.0
13 83 4.0
13 84 4.0
13 85 1.0
13 86 0.0
13 87 0.0
13 88 7.0
13 89 3.0
13 90 3.0
13 91 8.0
13 92 8.0
13 93 4.0
13 94 6.0
13 95 8.0
13 96 6.0
13 97 9.0
13 98 5.0
13 99 1.0
13 100 6.0
13 101 2.0
13 102 2.0
13 103 4.0
13 104 2.0
13 105 6.0
13 106 5.0
13 107 0.0
13 108 5.0
13 109 3.0
13 110 4.0
13 111 5.0
13 112 5.0
13 113 4.0
13 114 3.0
13 115 7.0
13 116 1.0
13 117 1.0
13 118 2.0
13 119 9.0
13 120 0.0
13 121 7.0
13 122 6.0
13 123 2.0
13 124 0.0
14 15 4.0
14 16 4.0
14 17 5.0
14 18 2.0
14 19 7.0
14 20 4.0
14 21 6.0
14 22 0.0
14 23 3.0
14 24 7.0
14 25 9.0
14 26 9.0
14 27 2.0
14 28 8.0
14 29 6.0
14 30 4.0
14 31 0.0
14 32 5.0
14 33 4.0
14 34 4.0
14 35 7.0
14 36 8.0
14 37 8.0
14 38 3.0
14 39 8.0
14 40 3.0
14 41 8.0
14 42 1.0
14 43 6.0
14 44 9.0
14 45 2.0
14 46 1.0
14 47 2.0
14 48 3.0
14 49 4.0
14 50 6.0
14 51 1.0
14 52 6.0
14 53 0.0
14 54 5.0
14 55 8.0
14 56 8.0
14 57 9.0
14 58 0.0
14 59 8.0
14 60 0.0
14 61 5.0
14 62 1.0
14 63 0.0
14 64 2.0
14 65 4.0
14 66 6.0
14 67 7.0
14 68 1.0
14 69 9.0
14 70 4.0
14 71 9.0
14 72 0.0
14 73 9.0
14 74 3.0
14 75 2.0
14 76 9.0
14 77 1.0
14 78 6.0
14 79 7.0
14 80 9.0
14 81 6.0
14 82 2.0
14 83 8.0
14 84 6.0
14 85 4.0
14 86 5.0
14 87 6.0
14 88 5.0
14 89 3.0
14 90 7.0
14 91 2.0
14 92 0.0
14 93 0.0
14 94 1.0
14 95 3.0
14 96 5.0
14 97 3.0
14 98 5.0
14 99 9.0
14 100 6.0
14 101 3.0
14 102 3.0
14 103 0.0
14 104 4.0
14 105 3.0
14 106 5.0
14 107 2.0
14 108 5.0
14 109 6.0
14 110 0.0
14 111 7.0
14 112 9.0
14 113 9.0
14 114 4.0
14 115 9.0
14 116 5.0
14 117 0.0
14 118 5.0
14 119 1.0
14 120 6.0
14 121 5.0
14 122 6.0
14 123 2.0
14 124 7.0
15 16 9.0
15 17 3.0
15 18 1.0
15 19 8.0
15 20 7.0
15 21 5.0
15 22 9.0
15 23 6.0
15 24 1.0
15 25 1.0
15 26 9.0
15 27 8.0
15 28 2.0
15 29 1.0
15 30 4.0
15 31 3.0
15 32 8.0
15 33 7.0
15 34 6.0
15 35 4.0
15 36 4.0
15 37 0.0
15 38 5.0
15 39 3.0
15 40 9.0
15 41 1.0
15 42 9.0
15 43 2.0
15 44 3.0
15 45 5.0
15 46 3.0
15 47 9.0
15 48 9.0
15 49 8.0
15 50 2.0
15 51 6.0
15 52 3.0
15 53 6.0
15 54 2.0
15 55 5.0
15 56 5.0
15 57 0.0
15 58 4.0
15 59 8.0
15 60 0.0
15 61 1.0
15 62 1.0
15 63 3.0
15 64 9.0
15 65 4.0
15 66 6.0
15 67 6.0
15 68 7.0
15 69 8.0
15 70 0.0
15 71 3.0
15 72 4.0
15 73 4.0
15 74 1.0
15 75 0.0
15 76 9.0
15 77 1.0
15 78 7.0
15 79 2.0
15 80 2.0
15 81 3.0
15 82 6.0
15 83 5.0
15 84 5.0
15 85 4.0
15 86 3.0
15 87 8.0
15 88 2.0
15 89 0.0
15 90 4.0
15 91 0.0
15 92 8.0
15 93 5.0
15 94 8.0
15 95 0.0
15 96 4.0
15 97 1.0
15 98 1.0
15 99 5.0
15 100 0.0
15 101 0.0
15 102 9.0
15 103 6.0
15 104 5.0
15 105 2.0
15 106 0.0
15 107 6.0
15 108 2.0
15 109 1.0
15 110 5.0
15 111 0.0
15 112 9.0
15 113 3.0
15 114 5.0
15 115 3.0
15 116 5.0
15 117 8.0
15 118 3.0
15 119 6.0
15 120 7.0
15 121 4.0
15 122 1.0
15 123 1.0
15 124 6.0
16 17 6.0
16 18 0.0
16 19 7.0
16 20 8.0
16 21 4.0
16 22 5.0
16 23 2.0
16 24 3.0
16 25 0.0
16 26 2.0
16 27 0.0
16 28 7.0
16 29 6.0
16 30 6.0
16 31 4.0
16 32 9.0
16 33 7.0
16 34 5.0
16 35 1.0
16 36 3.0
16 37 7.0
16 38 7.0
16 39 3.0
16 40 8.0
16 41 5.0
16 42 6.0
16 43 7.0
16 44 6.0
16 45 0.0
16 46 6.0
16 47 4.0
16 48 2.0
16 49 0.0
16 50 3.0
16 51 0.0
16 52 9.0
16 53 8.0
16 54 4.0
16 55 3.0
16 56 8.0
16 57 6.0
16 58 9.0
16 59 9.0
16 60 7.0
16 61 3.0
16 62 2.0
16 63 6.0
16 64 7.0
16 65 0.0
16 66 4.0
16 67 3.0
16 68 3.0
16 69 5.0
16 70 1.0
16 71 4.0
16 72 6.0
16 73 3.0
16 74 1.0
16 75 4.0
16 76 8.0
16 77 4.0
16 78 4.0
16 79 7.0
16 80 9.0
16 81 2.0
16 82 2.0
16 83 9.0
16 84 8.0
16 85 0.0
16 86 1.0
16 87 0.0
16 88 6.0
16 89 2.0
16 90 0.0
16 91 6.0
16 92 7.0
16 93 2.0
16 94 2.0
16 95 9.0
16 96 8.0
16 97 6.0
16 98 5.0
16 99 5.0
16 100 7.0
16 101 8.0
16 102 9.0
16 103 8.0
16 104 1.0
16 105 0.0
16 106 9.0
16 107 6.0
16 108 6.0
16 109 1.0
16 110 4.0
16 111 8.0
16 112 9.0
16 113 6.0
16 114 9.0
16 115 9.0
16 116 8.0
16 117 3.0
16 118 2.0
16 119 4.0
16 120 8.0
16 121 8.0
16 122 1.0
16 123 2.0
16 124 4.0
17 18 2.0
17 19 3.0
17 20 8.0
17 21 8.0
17 22 0.0
17 23 2.0
17 24 6.0
17 25 0.0
17 26 8.0
17 27 7.0
17 28 5.0
17 29 3.0
17 30 0.0
17 31 3.0
17 32 1.0
17 33 6.0
17 34 1.0
17 35 1.0
17 36 8.0
17 37 0.0
17 38 5.0
17 39 6.0
17 40 5.0
17 41 5.0
17 42 8.0
17 43 7.0
17 44 8.0
17 45 4.0
17 46 9.0
17 47 9.0
17 48 9.0
17 49 3.0
17 50 6.0
17 51 5.0
17 52 1.0
17 53 7.0
17 54 8.0
17 55 8.0
17 56 0.0
17 57 1.0
17 58 8.0
17 59 9.0
17 60 8.0
17 61 3.0
17 62 2.0
17 63 0.0
17 64 9.0
17 65 5.0
17 66 9.0
17 67 7.0
17 68 7.0
17 69 5.0
17 70 3.0
17 71 5.0
17 72 2.0
17 73 0.0
17 74 0.0
17 75 5.0
17 76 0.0
17 77 8.0
17 78 3.0
17 79 8.0
17 80 0.0
17 81 2.0
17 82 1.0
17 83 7.0
17 84 6.0
17 85 6.0
17 86 1.0
17 87 0.0
17 88 1.0
17 89 4.0
17 90 6.0
17 91 7.0
17 92 7.0
17 93 9.0
17 94 2.0
17 95 7.0
17 96 9.0
17 97 6.0
17 98 9.0
17 99 3.0
17 100 3.0
17 101 8.0
17 102 6.0
17 103 3.0
17 104 6.0
17 105 2.0
17 106 8.0
17 107 8.0
17 108 6.0
17 109 4.0
17 110 3.0
17 111 7.0
17 112 9.0
17 113 4.0
17 114 4.0
17 115 4.0
17 116 8.0
17 117 4.0
17 118 7.0
17 119 3.0
17 120 7.0
17 121 4.0
17 122 1.0
17 123 4.0
17 124 8.0
18 19 9.0
18 20 9.0
18 21 6.0
18 22 6.0
18 23 8.0
18 24 2.0
18 25 9.0
18 26 9.0
18 27 5.0
18 28 2.0
18 29 6.0
18 30 3.0
18 31 3.0
18 32 3.0
18 33 0.0
18 34 3.0
18 35 4.0
18 36 1.0
18 37 9.0
18 38 2.0
18 39 6.0
18 40 2.0
18 41 4.0
18 42 1.0
18 43 0.0
18 44 0.0
18 45 8.0
18 46 8.0
18 47 6.0
18 48 5.0
18 49 0.0
18 50 9.0
18 51 4.0
18 52 3.0
18 53 4.0
18 54 4.0
18 55 1.0
18 56 4.0
18 57 1.0
18 58 6.0
18 59 7.0
18 60 1.0
18 61 2.0
18 62 4.0
18 63 4.0
18 64 8.0
18 65 3.0
18 66 0.0
18 67 7.0
18 68 0.0
18 69 4.0
18 70 7.0
18 71 3.0
18 72 0.0
18 73 9.0
18 74 3.0
18 75 0.0
18 76 8.0
18 77 9.0
18 78 2.0
18 79 1.0
18 80 1.0
18 81 7.0
18 82 4.0
18 83 6.0
18 84 9.0
18 85 3.0
18 86 9.0
18 87 9.0
18 88 8.0
18 89 1.0
18 90 2.0
18 91 6.0
18 92 7.0
18 93 0.0
18 94 4.0
18 95 2.0
18 96 0.0
18 97 7.0
18 98 5.0
18 99 5.0
18 100 8.0
18 101 9.0
18 102 2.0
18 103 3.0
18 104 5.0
18 105 6.0
18 106 0.0
18 107 2.0
18 108 7.0
18 109 9.0
18 110 6.0
18 111 9.0
18 112 3.0
18 113 1.0
18 114 3.0
18 115 3.0
18 116 3.0
18 117 7.0
18 118 4.0
18 119 8.0
18 120 3.0
18 121 8.0
18 122 3.0
18 123 6.0
18 124 0.0
19 20 1.0
19 21 3.0
19 22 3.0
19 23 6.0
19 24 2.0
19 25 6.0
19 26 1.0
19 27 7.0
19 28 5.0
19 29 9.0
19 30 0.0
19 31 1.0
19 32 7.0
19 33 2.0
19 34 8.0
19 35 9.0
19 36 2.0
19 37 4.0
19 38 8.0
19 39 2.0
19 40 0.0
19 41 8.0
19 42 6.0
19 43 3.0
19 44 2.0
19 45 4.0
19 46 3.0
19 47 0.0
19 48 6.0
19 49 8.0
19 50 2.0
19 51 8.0
19 52 1.0
19 53 3.0
19 54 0.0
19 55 6.0
19 56 8.0
19 57 8.0
19 58 3.0
19 59 7.0
19 60 3.0
19 61 8.0
19 62 8.0
19 63 1.0
19 64 6.0
19 65 3.0
19 66 7.0
19 67 4.0
19 68 4.0
19 69 3.0
19 70 7.0
19 71 1.0
19 72 7.0
19 73 9.0
19 74 1.0
19 75 5.0
19 76 9.0
19 77 2.0
19 78 8.0
19 79 8.0
19 80 5.0
19 81 5.0
19 82 2.0
19 83 9.0
19 84 2.0
19 85 4.0
19 86 4.0
19 87 5.0
19 88 6.0
19 89 9.0
19 90 1.0
19 91 9.0
19 92 0.0
19 93 1.0
19 94 8.0
19 95 1.0
19 96 5.0
19 97 3.0
19 98 9.0
19 99 2.0
19 100 5.0
19 101 8.0
19 102 8.0
19 103 1.0
19 104 4.0
19 105 0.0
19 106 6.0
19 107 3.0
19 108 3.0
19 109 8.0
19 110 3.0
19 111 8.0
19 112 3.0
19 113 5.0
19 114 0.0
19 115 7.0
19 116 6.0
19 117 8.0
19 118 0.0
19 119 7.0
19 120 8.0
19 121 7.0
19 122 8.0
19 123 4.0
19 124 3.0
20 21 8.0
20 22 2.0
20 23 6.0
20 24 2.0
20 25 8.0
20 26 8.0
20 27 3.0
20 28 3.0
20 29 5.0
20 30 1.0
20 31 5.0
20 32 9.0
20 33 9.0
20 34 2.0
20 35 3.0
20 36 5.0
20 37 6.0
20 38 7.0
20 39 9.0
20 40 6.0
20 41 0.0
20 42 4.0
20 43 4.0
20 44 6.0
20 45 3.0
20 46 8.0
20 47 7.0
20 48 2.0
20 49 5.0
20 50 8.0
20 51 8.0
20 52 5.0
20 53 6.0
20 54 4.0
20 55 8.0
20 56 9.0
20 57 8.0
20 58 5.0
20 59 4.0
20 60 9.0
20 61 3.0
20 62 4.0
20 63 6.0
20 64 2.0
20 65 2.0
20 66 9.0
20 67 7.0
20 68 0.0
20 69 7.0
20 70 1.0
20 71 2.0
20 72 7.0
20 73 2.0
20 74 0.0
20 75 4.0
20 76 3.0
20 77 6.0
20 78 8.0
20 79 3.0
20 80 6.0
20 81 6.0
20 82 9.0
20 83 3.0
20 84 0.0
20 85 3.0
20 86 5.0
20 87 8.0
20 88 6.0
20 89 9.0
20 90 0.0
20 91 7.0
20 92 3.0
20 93 6.0
20 94 1.0
20 95 1.0
20 96 5.0
20 97 0.0
20 98 9.0
20 99 7.0
20 100 3.0
20 101 4.0
20 102 0.0
20 103 8.0
20 104 7.0
20 105 0.0
20 106 9.0
20 107 0.0
20 108 1.0
20 109 0.0
20 110 4.0
20 111 4.0
20 112 2.0
20 113 0.0
20 114 3.0
20 115 4.0
20 116 3.0
20 117 8.0
20 118 8.0
20 119 1.0
20 120 6.0
20 121 7.0
20 122 1.0
20 123 3.0
20 124 0.0
21 22 0.0
21 23 4.0
21 24 6.0
21 25 9.0
21 26 1.0
21 27 5.0
21 28 5.0
21 29 7.0
21 30 6.0
21 31 3.0
21 32 4.0
21 33 0.0
21 34 9.0
21 35 8.0
21 36 8.0
21 37 6.0
21 38 3.0
21 39 7.0
21 40 9.0
21 41 7.0
21 42 3.0
21 43 8.0
21 44 6.0
21 45 7.0
21 46 8.0
21 47 0.0
21 48 0.0
21 49 5.0
21 50 5.0
21 51 8.0
21 52 8.0
21 53 1.0
21 54 5.0
21 55 9.0
21 56 6.0
21 57 2.0
21 58 7.0
21 59 3.0
21 60 5.0
21 61 6.0
21 62 7.0
21 63 4.0
21 64 5.0
21 65 5.0
21 66 5.0
21 67 1.0
21 68 9.0
21 69 9.0
21 70 3.0
21 71 7.0
21 72 3.0
21 73 7.0
21 74 5.0
21 75 3.0
21 76 9.0
21 77 1.0
21 78 7.0
21 79 2.0
21 80 9.0
21 81 3.0
21 82 3.0
21 83 2.0
21 84 1.0
21 85 1.0
21 86 5.0
21 87 9.0
21 88 5.0
21 89 6.0
21 90 5.0
21 91 3.0
21 92 2.0
21 93 5.0
21 94 3.0
21 95 7.0
21 96 7.0
21 97 9.0
21 98 8.0
21 99 6.0
21 100 9.0
21 101 6.0
21 102 2.0
21 103 6.0
21 104 9.0
21 105 0.0
21 106 3.0
21 107 1.0
21 108 4.0
21 109 6.0
21 110 1.0
21 111 2.0
21 112 6.0
21 113 6.0
21 114 1.0
21 115 5.0
21 116 6.0
21 117 5.0
21 118 4.0
21 119 9.0
21 120 2.0
21 121 3.0
21 122 6.0
21 123 8.0
21 124 6.0
22 23 1.0
22 24 5.0
22 25 9.0
22 26 3.0
22 27 8.0
22 28 1.0
22 29 3.0
22 30 7.0
22 31 6.0
22 32 0.0
22 33 1.0
22 34 0.0
22 35 4.0
22 36 0.0
22 37 4.0
22 38 8.0
22 39 6.0
22 40 9.0
22 41 6.0
22 42 8.0
22 43 6.0
22 44 4.0
22 45 1.0
22 46 0.0
22 47 3.0
22 48 9.0
22 49 8.0
22 50 9.0
22 51 7.0
22 52 2.0
22 53 6.0
22 54 2.0
22 55 7.0
22 56 3.0
22 57 7.0
22 58 3.0
22 59 7.0
22 60 0.0
22 61 4.0
22 62 7.0
22 63 8.0
22 64 5.0
22 65 3.0
22 66 5.0
22 67 7.0
22 68 8.0
22 69 8.0
22 70 3.0
22 71 4.0
22 72 4.0
22 73 7.0
22 74 0.0
22 75 8.0
22 76 3.0
22 77 5.0
22 78 6.0
22 79 4.0
22 80 9.0
22 81 8.0
22 82 5.0
22 83 0.0
22 84 1.0
22 85 7.0
22 86 6.0
22 87 8.0
22 88 8.0
22 89 6.0
22 90 8.0
22 91 3.0
22 92 1.0
22 93 2.0
22 94 0.0
22 95 2.0
22 96 2.0
22 97 9.0
22 98 7.0
22 99 6.0
22 100 1.0
22 101 3.0
22 102 0.0
22 103 3.0
22 104 2.0
22 105 3.0
22 106 7.0
22 107 2.0
22 108 8.0
22 109 3.0
22 110 2.0
22 111 7.0
22 112 5.0
22 113 6.0
22 114 6.0
22 115 3.0
22 116 3.0
22 117 7.0
22 118 7.0
22 119 4.0
22 120 5.0
22 121 5.0
22 122 6.0
22 123 6.0
22 124 9.0
23 24 6.0
23 25 5.0
23 26 7.0
23 27 9.0
23 28 6.0
23 29 7.0
23 30 5.0
23 31 0.0
23 32 1.0
23 33 7.0
23 34 8.0
23 35 4.0
23 36 2.0
23 37 0.0
23 38 4.0
23 39 5.0
23 40 0.0
23 41 4.0
23 42 5.0
23 43 7.0
23 44 7.0
23 45 9.0
23 46 2.0
23 47 5.0
23 48 8.0
23 49 5.0
23 50 2.0
23 51 4.0
23 52 0.0
23 53 2.0
23 54 8.0
23 55 9.0
23 56 8.0
23 57 0.0
23 58 2.0
23 59 1.0
23 60 2.0
23 61 8.0
23 62 8.0
23 63 6.0
23 64 5.0
23 65 2.0
23 66 2.0
23 67 9.0
23 68 6.0
23 69 7.0
23 70 8.0
23 71 6.0
23 72 6.0
23 73 0.0
23 74 4.0
23 75 5.0
23 76 2.0
23 77 0.0
23 78 3.0
23 79 2.0
23 80 1.0
23 81 5.0
23 82 5.0
23 83 6.0
23 84 2.0
23 85 7.0
23 86 7.0
23 87 1.0
23 88 2.0
23 89 1.0
23 90 6.0
23 91 9.0
23 92 0.0
23 93 3.0
23 94 5.0
23 95 7.0
23 96 1.0
23 97 6.0
23 98 7.0
23 99 7.0
23 100 0.0
23 101 6.0
23 102 3.0
23 103 2.0
23 104 3.0
23 105 0.0
23 106 7.0
23 107 6.0
23 108 7.0
23 109 8.0
23 110 2.0
23 111 4.0
23 112 1.0
23 113 0.0
23 114 8.0
23 115 5.0
23 116 6.0
23 117 8.0
23 118 9.0
23 119 3.0
23 120 8.0
23 121 2.0
23 122 8.0
23 123 5.0
23 124 2.0
24 25 2.0
24 26 2.0
24 27 1.0
24 28 3.0
24 29 9.0
24 30 4.0
24 31 4.0
24 32 1.0
24 33 8.0
24 34 3.0
24 35 0.0
24 36 5.0
24 37 0.0
24 38 2.0
24 39 8.0
24 40 0.0
24 41 2.0
24 42 9.0
24 43 7.0
24 44 4.0
24 45 8.0
24 46 8.0
24 47 2.0
24 48 4.0
24 49 0.0
24 50 1.0
24 51 4.0
24 52 2.0
24 53 9.0
24 54 6.0
24 55 8.0
24 56 7.0
24 57 4.0
24 58 0.0
24 59 0.0
24 60 2.0
24 61 6.0
24 62 4.0
24 63 1.0
24 64 2.0
24 65 1.0
24 66 7.0
24 67 2.0
24 68 2.0
24 69 4.0
24 70 1.0
24 71 6.0
24 72 1.0
24 73 5.0
24 74 5.0
24 75 2.0
24 76 4.0
24 77 7.0
24 78 9.0
24 79 9.0
24 80 1.0
24 81 8.0
24 82 7.0
24 83 6.0
24 84 9.0
24 85 5.0
24 86 1.0
24 87 7.0
24 88 2.0
24 89 9.0
24 90 3.0
24 91 1.0
24 92 2.0
24 93 9.0
24 94 8.0
24 95 3.0
24 96 1.0
24 97 6.0
24 98 0.0
24 99 0.0
24 100 5.0
24 101 4.0
24 102 0.0
24 103 9.0
24 104 7.0
24 105 8.0
24 106 6.0
24 107 3.0
24 108 1.0
24 109 5.0
24 110 4.0
24 111 9.0
24 112 8.0
24 113 9.0
24 114 9.0
24 115 3.0
24 116 1.0
24 117 1.0
24 118 5.0
24 119 2.0
24 120 9.0
24 121 4.0
24 122 4.0
24 123 9.0
24 124 8.0
25 26 4.0
25 27 3.0
25 28 8.0
25 29 5.0
25 30 9.0
25 31 8.0
25 32 5.0
25 33 3.0
25 34 4.0
25 35 7.0
25 36 5.0
25 37 0.0
25 38 4.0
25 39 8.0
25 40 6.0
25 41 7.0
25 42 6.0
25 43 6.0
25 44 5.0
25 45 9.0
25 46 6.0
25 47 9.0
25 48 2.0
25 49 8.0
25 50 3.0
25 51 2.0
25 52 3.0
25 53 6.0
25 54 3.0
25 55 4.0
25 56 4.0
25 57 4.0
25 58 3.0
25 59 7.0
25 60 1.0
25 61 7.0
25 62 3.0
25 63 1.0
25 64 4.0
25 65 4.0
25 66 7.0
25 67 5.0
25 68 9.0
25 69 6.0
25 70 0.0
25 71 5.0
25 72 5.0
25 73 7.0
25 74 4.0
25 75 2.0
25 76 3.0
25 77 5.0
25 78 6.0
25 79 0.0
25 80 8.0
25 81 1.0
25 82 8.0
25 83 1.0
25 84 7.0
25 85 5.0
25 86 1.0
25 87 0.0
25 88 0.0
25 89 0.0
25 90 8.0
25 91 7.0
25 92 1.0
25 93 5.0
25 94 6.0
25 95 0.0
25 96 3.0
25 97 1.0
25 98 4.0
25 99 2.0
25 100 7.0
25 101 4.0
25 102 7.0
25 103 5.0
25 104 2.0
25 105 4.0
25 106 3.0
25 107 7.0
25 108 2.0
25 109 1.0
25 110 8.0
25 111 0.0
25 112 5.0
25 113 4.0
25 114 5.0
25 115 9.0
25 116 9.0
25 117 0.0
25 118 6.0
25 119 7.0
25 120 2.0
25 121 9.0
25 122 2.0
25 123 8.0
25 124 6.0
26 27 2.0
26 28 5.0
26 29 1.0
26 30 8.0
26 31 9.0
26 32 5.0
26 33 7.0
26 34 4.0
26 35 1.0
26 36 0.0
26 37 3.0
26 38 5.0
26 39 9.0
26 40 7.0
26 41 9.0
26 42 4.0
26 43 5.0
26 44 9.0
26 45 2.0
26 46 9.0
26 47 7.0
26 48 8.0
26 49 2.0
26 50 7.0
26 51 6.0
26 52 8.0
26 53 3.0
26 54 8.0
26 55 3.0
26 56 7.0
26 57 9.0
26 58 4.0
26 59 5.0
26 60 5.0
26 61 8.0
26 62 7.0
26 63 3.0
26 64 9.0
26 65 5.0
26 66 0.0
26 67 6.0
26 68 3.0
26 69 3.0
26 70 5.0
26 71 4.0
26 72 6.0
26 73 5.0
26 74 9.0
26 75 2.0
26 76 2.0
26 77 5.0
26 78 5.0
26 79 7.0
26 80 2.0
26 81 1.0
26 82 9.0
26 83 6.0
26 84 4.0
26 85 3.0
26 86 4.0
26 87 0.0
26 88 0.0
26 89 9.0
26 90 8.0
26 91 6.0
26 92 5.0
26 93 9.0
26 94 5.0
26 95 7.0
26 96 8.0
26 97 9.0
26 98 2.0
26 99 1.0
26 100 9.0
26 101 8.0
26 102 2.0
26 103 7.0
26 104 1.0
26 105 5.0
26 106 4.0
26 107 9.0
26 108 4.0
26 109 8.0
26 110 8.0
26 111 2.0
26 112 9.0
26 113 1.0
26 114 6.0
26 115 3.0
26 116 6.0
26 117 1.0
26 118 6.0
26 119 0.0
26 120 3.0
26 121 5.0
26 122 3.0
26 123 2.0
26 124 0.0
27 28 8.0
27 29 9.0
27 30 7.0
27 31 5.0
27 32 1.0
27 33 1.0
27 34 9.0
27 35 2.0
27 36 9.0
27 37 2.0
27 38 2.0
27 39 9.0
27 40 9.0
27 41 2.0
27 42 0.0
27 43 7.0
27 44 2.0
27 45 4.0
27 46 6.0
27 47 4.0
27 48 1.0
27 49 1.0
27 50 5.0
27 51 8.0
27 52 3.0
27 53 8.0
27 54 7.0
27 55 6.0
27 56 3.0
27 57 5.0
27 58 2.0
27 59 5.0
27 60 0.0
27 61 9.0
27 62 3.0
27 63 8.0
27 64 8.0
27 65 7.0
27 66 7.0
27 67 5.0
27 68 1.0
27 69 1.0
27 70 4.0
27 71 8.0
27 72 1.0
27 73 6.0
27 74 2.0
27 75 2.0
27 76 9.0
27 77 7.0
27 78 4.0
27 79 7.0
27 80 0.0
27 81 2.0
27 82 9.0
27 83 3.0
27 84 4.0
27 85 4.0
27 86 6.0
27 87 5.0
27 88 8.0
27 89 9.0
27 90 0.0
27 91 7.0
27 92 5.0
27 93 1.0
27 94 0.0
27 95 4.0
27 96 3.0
27 97 7.0
27 98 5.0
27 99 6.0
27 100 9.0
27 101 0.0
27 102 8.0
27 103 3.0
27 104 3.0
27 105 4.0
27 106 4.0
27 107 9.0
27 108 2.0
27 109 4.0
27 110 2.0
27 111 9.0
27 112 5.0
27 113 2.0
27 114 8.0
27 115 6.0
27 116 6.0
27 117 0.0
27 118 8.0
27 119 1.0
27 120 9.0
27 121 9.0
27 122 7.0
27 123 9.0
27 124 2.0
28 29 4.0
28 30 5.0
28 31 9.0
28 32 7.0
28 33 9.0
28 34 4.0
28 35 4.0
28 36 7.0
28 37 8.0
28 38 5.0
28 39 8.0
28 40 8.0
28 41 6.0
28 42 6.0
28 43 3.0
28 44 1.0
28 45 1.0
28 46 8.0
28 47 8.0
28 48 8.0
28 49 6.0
28 50 0.0
28 51 3.0
28 52 0.0
28 53 0.0
28 54 4.0
28 55 0.0
28 56 9.0
28 57 9.0
28 58 6.0
28 59 4.0
28 60 2.0
28 61 2.0
28 62 9.0
28 63 3.0
28 64 3.0
28 65 7.0
28 66 7.0
28 67 1.0
28 68 0.0
28 69 9.0
28 70 9.0
28 71 4.0
28 72 6.0
28 73 1.0
28 74 5.0
28 75 8.0
28 76 4.0
28 77 8.0
28 78 2.0
28 79 2.0
28 80 4.0
28 81 8.0
28 82 6.0
28 83 5.0
28 84 4.0
28 85 8.0
28 86 4.0
28 87 1.0
28 88 9.0
28 89 5.0
28 90 6.0
28 91 5.0
28 92 4.0
28 93 1.0
28 94 0.0
28 95 6.0
28 96 0.0
28 97 8.0
28 98 1.0
28 99 1.0
28 100 2.0
28 101 2.0
28 102 0.0
28 103 7.0
28 104 8.0
28 105 6.0
28 106 2.0
28 107 5.0
28 108 9.0
28 109 0.0
28 110 5.0
28 111 7.0
28 112 2.0
28 113 4.0
28 114 3.0
28 115 4.0
28 116 2.0
28 117 4.0
28 118 4.0
28 119 9.0
28 120 1.0
28 121 9.0
28 122 9.0
28 123 9.0
28 124 7.0
29 30 8.0
29 31 9.0
29 32 0.0
29 33 0.0
29 34 3.0
29 35 2.0
29 36 9.0
29 37 2.0
29 38 9.0
29 39 6.0
29 40 8.0
29 41 1.0
29 42 2.0
29 43 9.0
29 44 7.0
29 45 1.0
29 46 5.0
29 47 8.0
29 48 9.0
29 49 5.0
29 50 9.0
29 51 6.0
29 52 5.0
29 53 8.0
29 54 6.0
29 55 2.0
29 56 4.0
29 57 8.0
29 58 3.0
29 59 6.0
29 60 5.0
29 61 9.0
29 62 4.0
29 63 3.0
29 64 1.0
29 65 4.0
29 66 3.0
29 67 2.0
29 68 1.0
29 69 8.0
29 70 0.0
29 71 8.0
29 72 9.0
29 73 9.0
29 74 5.0
29 75 7.0
29 76 9.0
29 77 4.0
29 78 9.0
29 79 3.0
29 80 8.0
29 81 6.0
29 82 0.0
29 83 5.0
29 84 7.0
29 85 3.0
29 86 9.0
29 87 9.0
29 88 4.0
29 89 5.0
29 90 7.0
29 91 4.0
29 92 4.0
29 93 3.0
29 94 1.0
29 95 6.0
29 96 5.0
29 97 1.0
29 98 6.0
29 99 6.0
29 100 9.0
29 101 5.0
29 102 0.0
29 103 2.0
29 104 4.0
29 105 9.0
29 106 3.0
29 107 9.0
29 108 8.0
29 109 6.0
29 110 8.0
29 111 5.0
29 112 4.0
29 113 3.0
29 114 1.0
29 115 7.0
29 116 7.0
29 117 7.0
29 118 5.0
29 119 2.0
29 120 7.0
29 121 1.0
29 122 7.0
29 123 5.0
29 124 6.0
30 31 1.0
30 32 3.0
30 33 2.0
30 34 6.0
30 35 6.0
30 36 0.0
30 37 8.0
30 38 6.0
30 39 8.0
30 40 3.0
30 41 2.0
30 42 5.0
30 43 3.0
30 44 7.0
30 45 4.0
30 46 3.0
30 47 5.0
30 48 2.0
30 49 7.0
30 50 7.0
30 51 9.0
30 52 5.0
30 53 1.0
30 54 3.0
30 55 1.0
30 56 0.0
30 57 6.0
30 58 5.0
30 59 9.0
30 60 7.0
30 61 2.0
30 62 6.0
30 63 5.0
30 64 5.0
30 65 9.0
30 66 2.0
30 67 2.0
30 68 0.0
30 69 4.0
30 70 5.0
30 71 5.0
30 72 6.0
30 73 9.0
30 74 6.0
30 75 1.0
30 76 8.0
30 77 7.0
30 78 7.0
30 79 1.0
30 80 7.0
30 81 2.0
30 82 6.0
30 83 7.0
30 84 3.0
30 85 3.0
30 86 6.0
30 87 3.0
30 88 9.0
30 89 9.0
30 90 2.0
30 91 6.0
30 92 4.0
30 93 7.0
30 94 5.0
30 95 2.0
30 96 2.0
30 97 9.0
30 98 6.0
30 99 3.0
30 100 9.0
30 101 4.0
30 102 4.0
30 103 0.0
30 104 3.0
30 105 7.0
30 106 1.0
30 107 2.0
30 108 0.0
30 109 2.0
30 110 5.0
30 111 9.0
30 112 8.0
30 113 3.0
30 114 1.0
30 115 0.0
30 116 3.0
30 117 4.0
30 118 3.0
30 119 5.0
30 120 3.0
30 121 7.0
30 122 0.0
30 123 4.0
30 124 2.0
31 32 3.0
31 33 2.0
31 34 2.0
31 35 4.0
31 36 5.0
31 37 8.0
31 38 2.0
31 39 2.0
31 40 1.0
31 41 9.0
31 42 3.0
31 43 4.0
31 44 2.0
31 45 2.0
31 46 9.0
31 47 9.0
31 48 7.0
31 49 2.0
31 50 1.0
31 51 3.0
31 52 7.0
31 53 7.0
31 54 1.0
31 55 3.0
31 56 0.0
31 57 7.0
31 58 0.0
31 59 6.0
31 60 2.0
31 61 7.0
31 62 8.0
31 63 4.0
31 64 3.0
31 65 9.0
31 66 4.0
31 67 1.0
31 68 5.0
31 69 7.0
31 70 4.0
31 71 1.0
31 72 0.0
31 73 9.0
31 74 2.0
31 75 0.0
31 76 0.0
31 77 5.0
31 78 6.0
31 79 4.0
31 80 9.0
31 81 6.0
31 82 6.0
31 83 8.0
31 84 1.0
31 85 0.0
31 86 0.0
31 87 8.0
31 88 4.0
31 89 6.0
31 90 8.0
31 91 4.0
31 92 9.0
31 93 9.0
31 94 9.0
31 95 1.0
31 96 6.0
31 97 7.0
31 98 9.0
31 99 6.0
31 100 8.0
31 101 7.0
31 102 6.0
31 103 2.0
31 104 8.0
31 105 6.0
31 106 2.0
31 107 8.0
31 108 0.0
31 109 7.0
31 110 2.0
31 111 8.0
31 112 1.0
31 113 0.0
31 114 9.0
31 115 1.0
31 116 7.0
31 117 3.0
31 118 6.0
31 119 1.0
31 120 1.0
31 121 8.0
31 122 7.0
31 123 9.0
31 124 4.0
32 33 1.0
32 34 5.0
32 35 9.0
32 36 5.0
32 37 8.0
32 38 7.0
32 39 7.0
32 40 2.0
32 41 5.0
32 42 3.0
32 43 6.0
32 44 9.0
32 45 4.0
32 46 7.0
32 47 4.0
32 48 8.0
32 49 2.0
32 50 8.0
32 51 3.0
32 52 0.0
32 53 2.0
32 54 5.0
32 55 9.0
32 56 3.0
32 57 0.0
32 58 2.0
32 59 4.0
32 60 2.0
32 61 2.0
32 62 1.0
32 63 6.0
32 64 3.0
32 65 0.0
32 66 7.0
32 67 2.0
32 68 6.0
32 69 5.0
32 70 8.0
32 71 6.0
32 72 1.0
32 73 5.0
32 74 2.0
32 75 6.0
32 76 6.0
32 77 6.0
32 78 5.0
32 79 4.0
32 80 2.0
32 81 5.0
32 82 9.0
32 83 6.0
32 84 1.0
32 85 3.0
32 86 1.0
32 87 7.0
32 88 3.0
32 89 0.0
32 90 1.0
32 91 2.0
32 92 4.0
32 93 0.0
32 94 2.0
32 95 2.0
32 96 7.0
32 97 6.0
32 98 5.0
32 99 9.0
32 100 4.0
32 101 9.0
32 102 7.0
32 103 4.0
32 104 2.0
32 105 8.0
32 106 1.0
32 107 4.0
32 108 4.0
32 109 8.0
32 110 0.0
32 111 5.0
32 112 1.0
32 113 6.0
32 114 2.0
32 115 6.0
32 116 8.0
32 117 9.0
32 118 9.0
32 119 1.0
32 120 7.0
32 121 6.0
32 122 6.0
32 123 8.0
32 124 5.0
33 34 0.0
33 35 2.0
33 36 3.0
33 37 6.0
33 38 4.0
33 39 0.0
33 40 7.0
33 41 4.0
33 42 9.0
33 43 2.0
33 44 0.0
33 45 1.0
33 46 7.0
33 47 1.0
33 48 2.0
33 49 5.0
33 50 1.0
33 51 1.0
33 52 9.0
33 53 1.0
33 54 1.0
33 55 4.0
33 56 5.0
33 57 6.0
33 58 3.0
33 59 4.0
33 60 0.0
33 61 8.0
33 62 8.0
33 63 0.0
33 64 4.0
33 65 9.0
33 66 0.0
33 67 9.0
33 68 3.0
33 69 8.0
33 70 0.0
33 71 8.0
33 72 0.0
33 73 4.0
33 74 8.0
33 75 3.0
33 76 6.0
33 77 2.0
33 78 6.0
33 79 1.0
33 80 7.0
33 81 8.0
33 82 5.0
33 83 8.0
33 84 7.0
33 85 3.0
33 86 5.0
33 87 5.0
33 88 8.0
33 89 9.0
33 90 7.0
33 91 4.0
33 92 8.0
33 93 3.0
33 94 9.0
33 95 7.0
33 96 8.0
33 97 9.0
33 98 2.0
33 99 6.0
33 100 9.0
33 101 7.0
33 102 7.0
33 103 5.0
33 104 5.0
33 105 0.0
33 106 4.0
33 107 0.0
33 108 6.0
33 109 9.0
33 110 2.0
33 111 6.0
33 112 4.0
33 113 4.0
33 114 1.0
33 115 8.0
33 116 6.0
33 117 3.0
33 118 6.0
33 119 0.0
33 120 1.0
33 121 4.0
33 122 8.0
33 123 3.0
33 124 5.0
34 35 3.0
34 36 2.0
34 37 2.0
34 38 7.0
34 39 6.0
34 40 1.0
34 41 3.0
34 42 0.0
34 43 2.0
34 44 3.0
34 45 0.0
34 46 1.0
34 47 1.0
34 48 0.0
34 49 5.0
34 50 4.0
34 51 4.0
34 52 6.0
34 53 3.0
34 54 1.0
34 55 6.0
34 56 5.0
34 57 4.0
34 58 5.0
34 59 9.0
34 60 9.0
34 61 0.0
34 62 0.0
34 63 2.0
34 64 2.0
34 65 3.0
34 66 8.0
34 67 2.0
34 68 1.0
34 69 4.0
34 70 2.0
34 71 3.0
34 72 3.0
34 73 4.0
34 74 6.0
34 75 2.0
34 76 7.0
34 77 9.0
34 78 8.0
34 79 7.0
34 80 6.0
34 81 6.0
34 82 3.0
34 83 6.0
34 84 2.0
34 85 8.0
34 86 3.0
34 87 2.0
34 88 8.0
34 89 9.0
34 90 2.0
34 91 7.0
34 92 3.0
34 93 4.0
34 94 7.0
34 95 5.0
34 96 8.0
34 97 0.0
34 98 0.0
34 99 2.0
34 100 2.0
34 101 8.0
34 102 1.0
34 103 3.0
34 104 0.0
34 105 6.0
34 106 7.0
34 107 7.0
34 108 7.0
34 109 5.0
34 110 8.0
34 111 4.0
34 112 5.0
34 113 1.0
34 114 2.0
34 115 4.0
34 116 6.0
34 117 0.0
34 118 9.0
34 119 0.0
34 120 1.0
34 121 6.0
34 122 5.0
34 123 7.0
34 124 2.0
35 36 9.0
35 37 0.0
35 38 5.0
35 39 5.0
35 40 5.0
35 41 7.0
35 42 1.0
35 43 9.0
35 44 3.0
35 45 5.0
35 46 4.0
35 47 7.0
35 48 4.0
35 49 9.0
35 50 5.0
35 51 3.0
35 52 4.0
35 53 0.0
35 54 2.0
35 55 0.0
35 56 9.0
35 57 3.0
35 58 8.0
35 59 5.0
35 60 4.0
35 61 5.0
35 62 4.0
35 63 3.0
35 64 5.0
35 65 6.0
35 66 8.0
35 67 4.0
35 68 4.0
35 69 7.0
35 70 2.0
35 71 4.0
35 72 0.0
35 73 5.0
35 74 8.0
35 75 0.0
35 76 5.0
35 77 4.0
35 78 9.0
35 79 8.0
35 80 0.0
35 81 3.0
35 82 2.0
35 83 5.0
35 84 9.0
35 85 7.0
35 86 6.0
35 87 6.0
35 88 0.0
35 89 8.0
35 90 6.0
35 91 8.0
35 92 9.0
35 93 5.0
35 94 7.0
35 95 7.0
35 96 5.0
35 97 7.0
35 98 1.0
35 99 7.0
35 100 9.0
35 101 5.0
35 102 8.0
35 103 2.0
35 104 1.0
35 105 7.0
35 106 8.0
35 107 2.0
35 108 3.0
35 109 4.0
35 110 5.0
35 111 2.0
35 112 1.0
35 113 2.0
35 114 6.0
35 115 7.0
35 116 3.0
35 117 5.0
35 118 9.0
35 119 7.0
35 120 4.0
35 121 4.0
35 122 0.0
35 123 5.0
35 124 8.0
36 37 8.0
36 38 5.0
36 39 2.0
36 40 8.0
36 41 9.0
36 42 8.0
36 43 3.0
36 44 5.0
36 45 4.0
36 46 9.0
36 47 4.0
36 48 6.0
36 49 7.0
36 50 4.0
36 51 0.0
36 52 2.0
36 53 3.0
36 54 0.0
36 55 1.0
36 56 7.0
36 57 8.0
36 58 5.0
36 59 5.0
36 60 6.0
36 61 9.0
36 62 4.0
36 63 6.0
36 64 0.0
36 65 4.0
36 66 6.0
36 67 1.0
36 68 3.0
36 69 7.0
36 70 2.0
36 71 3.0
36 72 2.0
36 73 2.0
36 74 3.0
36 75 4.0
36 76 5.0
36 77 3.0
36 78 1.0
36 79 1.0
36 80 2.0
36 81 7.0
36 82 0.0
36 83 6.0
36 84 9.0
36 85 5.0
36 86 5.0
36 87 4.0
36 88 1.0
36 89 9.0
36 90 0.0
36 91 3.0
36 92 9.0
36 93 0.0
36 94 9.0
36 95 2.0
36 96 8.0
36 97 3.0
36 98 7.0
36 99 9.0
36 100 7.0
36 101 6.0
36 102 5.0
36 103 1.0
36 104 6.0
36 105 3.0
36 106 8.0
36 107 4.0
36 108 3.0
36 109 7.0
36 110 2.0
36 111 2.0
36 112 7.0
36 113 6.0
36 114 6.0
36 115 5.0
36 116 9.0
36 117 2.0
36 118 3.0
36 119 3.0
36 120 5.0
36 121 8.0
36 122 2.0
36 123 3.0
36 124 7.0
37 38 4.0
37 39 9.0
37 40 0.0
37 41 6.0
37 42 4.0
37 43 4.0
37 44 7.0
37 45 9.0
37 46 6.0
37 47 5.0
37 48 9.0
37 49 6.0
37 50 0.0
37 51 5.0
37 52 0.0
37 53 9.0
37 54 6.0
37 55 8.0
37 56 4.0
37 57 7.0
37 58 3.0
37 59 2.0
37 60 8.0
37 61 3.0
37 62 1.0
37 63 6.0
37 64 9.0
37 65 6.0
37 66 8.0
37 67 7.0
37 68 9.0
37 69 9.0
37 70 1.0
37 71 9.0
37 72 6.0
37 73 8.0
37 74 8.0
37 75 8.0
37 76 0.0
37 77 0.0
37 78 0.0
37 79 4.0
37 80 1.0
37 81 7.0
37 82 3.0
37 83 3.0
37 84 3.0
37 85 8.0
37 86 5.0
37 87 1.0
37 88 1.0
37 89 6.0
37 90 0.0
37 91 3.0
37 92 3.0
37 93 7.0
37 94 3.0
37 95 6.0
37 96 5.0
37 97 5.0
37 98 9.0
37 99 5.0
37 100 1.0
37 101 4.0
37 102 6.0
37 103 9.0
37 104 4.0
37 105 8.0
37 106 7.0
37 107 5.0
37 108 6.0
37 109 5.0
37 110 0.0
37 111 9.0
37 112 4.0
37 113 2.0
37 114 7.0
37 115 2.0
37 116 9.0
37 117 2.0
37 118 9.0
37 119 5.0
37 120 2.0
37 121 6.0
37 122 3.0
37 123 3.0
37 124 1.0
38 39 2.0
38 40 3.0
38 41 0.0
38 42 2.0
38 43 2.0
38 44 7.0
38 45 4.0
38 46 0.0
38 47 2.0
38 48 4.0
38 49 8.0
38 50 7.0
38 51 4.0
38 52 8.0
38 53 7.0
38 54 2.0
38 55 4.0
38 56 8.0
38 57 7.0
38 58 8.0
38 59 9.0
38 60 4.0
38 61 5.0
38 62 1.0
38 63 8.0
38 64 8.0
38 65 6.0
38 66 9.0
38 67 1.0
38 68 0.0
38 69 0.0
38 70 4.0
38 71 3.0
38 72 3.0
38 73 0.0
38 74 3.0
38 75 9.0
38 76 6.0
38 77 6.0
38 78 0.0
38 79 8.0
38 80 1.0
38 81 7.0
38 82 8.0
38 83 2.0
38 84 1.0
38 85 8.0
38 86 2.0
38 87 8.0
38 88 3.0
38 89 5.0
38 90 4.0
38 91 2.0
38 92 1.0
38 93 4.0
38 94 8.0
38 95 9.0
38 96 8.0
38 97 0.0
38 98 5.0
38 99 5.0
38 100 2.0
38 101 7.0
38 102 2.0
38 103 4.0
38 104 9.0
38 105 8.0
38 106 7.0
38 107 3.0
38 108 3.0
38 109 8.0
38 110 6.0
38 111 1.0
38 112 6.0
38 113 9.0
38 114 8.0
38 115 0.0
38 116 2.0
38 117 9.0
38 118 3.0
38 119 8.0
38 120 8.0
38 121 4.0
38 122 4.0
38 123 0.0
38 124 3.0
39 40 9.0
39 41 0.0
39 42 5.0
39 43 8.0
39 44 9.0
39 45 6.0
39 46 9.0
39 47 6.0
39 48 6.0
39 49 3.0
39 50 2.0
39 51 6.0
39 52 9.0
39 53 3.0
39 54 5.0
39 55 7.0
39 56 3.0
39 57 0.0
39 58 4.0
39 59 1.0
39 60 6.0
39 61 0.0
39 62 5.0
39 63 9.0
39 64 1.0
39 65 9.0
39 66 7.0
39 67 5.0
39 68 0.0
39 69 5.0
39 70 5.0
39 71 6.0
39 72 1.0
39 73 6.0
39 74 9.0
39 75 5.0
39 76 3.0
39 77 5.0
39 78 7.0
39 79 6.0
39 80 7.0
39 81 7.0
39 82 1.0
39 83 5.0
39 84 4.0
39 85 8.0
39 86 7.0
39 87 2.0
39 88 7.0
39 89 5.0
39 90 8.0
39 91 6.0
39 92 6.0
39 93 2.0
39 94 2.0
39 95 7.0
39 96 9.0
39 97 8.0
39 98 8.0
39 99 5.0
39 100 6.0
39 101 1.0
39 102 1.0
39 103 4.0
39 104 1.0
39 105 8.0
39 106 0.0
39 107 3.0
39 108 1.0
39 109 0.0
39 110 1.0
39 111 8.0
39 112 2.0
39 113 6.0
39 114 4.0
39 115 8.0
39 116 7.0
39 117 5.0
39 118 6.0
39 119 6.0
39 120 8.0
39 121 5.0
39 122 0.0
39 123 9.0
39 124 5.0
40 41 6.0
40 42 6.0
40 43 9.0
40 44 1.0
40 45 2.0
40 46 4.0
40 47 8.0
40 48 2.0
40 49 0.0
40 50 8.0
40 51 5.0
40 52 6.0
40 53 6.0
40 54 3.0
40 55 0.0
40 56 5.0
40 57 7.0
40 58 4.0
40 59 3.0
40 60 8.0
40 61 8.0
40 62 5.0
40 63 1.0
40 64 7.0
40 65 1.0
40 66 8.0
40 67 7.0
40 68 8.0
40 69 6.0
40 70 1.0
40 71 0.0
40 72 0.0
40 73 9.0
40 74 5.0
40 75 1.0
40 76 3.0
40 77 7.0
40 78 7.0
40 79 4.0
40 80 9.0
40 81 1.0
40 82 6.0
40 83 6.0
40 84 1.0
40 85 7.0
40 86 3.0
40 87 3.0
40 88 7.0
40 89 9.0
40 90 2.0
40 91 6.0
40 92 6.0
40 93 1.0
40 94 0.0
40 95 3.0
40 96 2.0
40 97 9.0
40 98 2.0
40 99 6.0
40 100 3.0
40 101 2.0
40 102 7.0
40 103 9.0
40 104 1.0
40 105 0.0
40 106 0.0
40 107 8.0
40 108 7.0
40 109 5.0
40 110 2.0
40 111 7.0
40 112 2.0
40 113 0.0
40 114 7.0
40 115 2.0
40 116 1.0
40 117 9.0
40 118 7.0
40 119 7.0
40 120 8.0
40 121 6.0
40 122 8.0
40 123 3.0
40 124 7.0
41 42 5.0
41 43 6.0
41 44 5.0
41 45 7.0
41 46 5.0
41 47 4.0
41 48 8.0
41 49 0.0
41 50 4.0
41 51 5.0
41 52 6.0
41 53 6.0
41 54 6.0
41 55 7.0
41 56 4.0
41 57 7.0
41 58 6.0
41 59 8.0
41 60 8.0
41 61 7.0
41 62 9.0
41 63 7.0
41 64 1.0
41 65 1.0
41 66 7.0
41 67 0.0
41 68 5.0
41 69 3.0
41 70 4.0
41 71 3.0
41 72 0.0
41 73 3.0
41 74 2.0
41 75 5.0
41 76 5.0
41 77 5.0
41 78 4.0
41 79 9.0
41 80 5.0
41 81 5.0
41 82 5.0
41 83 8.0
41 84 3.0
41 85 0.0
41 86 9.0
41 87 8.0
41 88 1.0
41 89 2.0
41 90 4.0
41 91 0.0
41 92 6.0
41 93 7.0
41 94 9.0
41 95 9.0
41 96 7.0
41 97 0.0
41 98 9.0
41 99 6.0
41 100 1.0
41 101 5.0
41 102 1.0
41 103 7.0
41 104 5.0
41 105 8.0
41 106 0.0
41 107 0.0
41 108 2.0
41 109 0.0
41 110 0.0
41 111 8.0
41 112 3.0
41 113 2.0
41 114 5.0
41 115 4.0
41 116 0.0
41 117 2.0
41 118 6.0
41 119 5.0
41 120 8.0
41 121 7.0
41 122 3.0
41 123 5.0
41 124 4.0
42 43 3.0
42 44 1.0
42 45 7.0
42 46 4.0
42 47 9.0
42 48 1.0
42 49 2.0
42 50 5.0
42 51 0.0
42 52 3.0
42 53 6.0
42 54 7.0
42 55 6.0
42 56 9.0
42 57 7.0
42 58 9.0
42 59 9.0
42 60 2.0
42 61 9.0
42 62 5.0
42 63 8.0
42 64 6.0
42 65 4.0
42 66 0.0
42 67 7.0
42 68 1.0
42 69 0.0
42 70 3.0
42 71 0.0
42 72 7.0
42 73 9.0
42 74 3.0
42 75 8.0
42 76 1.0
42 77 7.0
42 78 5.0
42 79 0.0
42 80 9.0
42 81 9.0
42 82 8.0
42 83 6.0
42 84 3.0
42 85 1.0
42 86 7.0
42 87 8.0
42 88 5.0
42 89 8.0
42 90 2.0
42 91 3.0
42 92 8.0
42 93 2.0
42 94 0.0
42 95 9.0
42 96 0.0
42 97 8.0
42 98 9.0
42 99 1.0
42 100 0.0
42 101 3.0
42 102 1.0
42 103 1.0
42 104 1.0
42 105 1.0
42 106 3.0
42 107 2.0
42 108 3.0
42 109 0.0
42 110 9.0
42 111 3.0
42 112 5.0
42 113 9.0
42 114 7.0
42 115 3.0
42 116 5.0
42 117 4.0
42 118 3.0
42 119 1.0
42 120 8.0
42 121 2.0
42 122 1.0
42 123 3.0
42 124 7.0
43 44 0.0
43 45 4.0
43 46 3.0
43 47 5.0
43 48 2.0
43 49 0.0
43 50 5.0
43 51 4.0
43 52 7.0
43 53 9.0
43 54 2.0
43 55 7.0
43 56 6.0
43 57 7.0
43 58 4.0
43 59 4.0
43 60 4.0
43 61 4.0
43 62 6.0
43 63 2.0
43 64 5.0
43 65 5.0
43 66 2.0
43 67 5.0
43 68 7.0
43 69 9.0
43 70 0.0
43 71 7.0
43 72 9.0
43 73 5.0
43 74 2.0
43 75 6.0
43 76 7.0
43 77 5.0
43 78 9.0
43 79 2.0
43 80 5.0
43 81 6.0
43 82 8.0
43 83 5.0
43 84 6.0
43 85 5.0
43 86 9.0
43 87 6.0
43 88 3.0
43 89 5.0
43 90 1.0
43 91 0.0
43 92 2.0
43 93 4.0
43 94 3.0
43 95 0.0
43 96 7.0
43 97 4.0
43 98 9.0
43 99 0.0
43 100 4.0
43 101 8.0
43 102 9.0
43 103 0.0
43 104 8.0
43 105 1.0
43 106 0.0
43 107 2.0
43 108 7.0
43 109 0.0
43 110 7.0
43 111 6.0
43 112 0.0
43 113 3.0
43 114 0.0
43 115 5.0
43 116 8.0
43 117 5.0
43 118 1.0
43 119 6.0
43 120 7.0
43 121 8.0
43 122 3.0
43 123 5.0
43 124 0.0
44 45 6.0
44 46 4.0
44 47 8.0
44 48 4.0
44 49 4.0
44 50 7.0
44 51 5.0
44 52 5.0
44 53 3.0
44 54 2.0
44 55 8.0
44 56 1.0
44 57 9.0
44 58 7.0
44 59 2.0
44 60 4.0
44 61 9.0
44 62 5.0
44 63 5.0
44 64 5.0
44 65 9.0
44 66 0.0
44 67 3.0
44 68 6.0
44 69 9.0
44 70 8.0
44 71 0.0
44 72 9.0
44 73 5.0
44 74 3.0
44 75 8.0
44 76 8.0
44 77 9.0
44 78 9.0
44 79 4.0
44 80 4.0
44 81 0.0
44 82 0.0
44 83 7.0
44 84 6.0
44 85 8.0
44 86 7.0
44 87 6.0
44 88 7.0
44 89 0.0
44 90 0.0
44 91 5.0
44 92 6.0
44 93 8.0
44 94 6.0
44 95 6.0
44 96 4.0
44 97 3.0
44 98 5.0
44 99 6.0
44 100 7.0
44 101 2.0
44 102 6.0
44 103 0.0
44 104 7.0
44 105 6.0
44 106 6.0
44 107 7.0
44 108 8.0
44 109 9.0
44 110 1.0
44 111 0.0
44 112 3.0
44 113 8.0
44 114 5.0
44 115 2.0
44 116 5.0
44 117 7.0
44 118 8.0
44 119 8.0
44 120 1.0
44 121 8.0
44 122 2.0
44 123 8.0
44 124 5.0
45 46 8.0
45 47 4.0
45 48 3.0
45 49 7.0
45 50 0.0
45 51 6.0
45 52 3.0
45 53 5.0
45 54 6.0
45 55 4.0
45 56 4.0
45 57 6.0
45 58 7.0
45 59 4.0
45 60 1.0
45 61 1.0
45 62 8.0
45 63 2.0
45 64 9.0
45 65 6.0
45 66 3.0
45 67 9.0
45 68 5.0
45 69 7.0
45 70 4.0
45 71 4.0
45 72 7.0
45 73 1.0
45 74 4.0
45 75 2.0
45 76 6.0
45 77 3.0
45 78 8.0
45 79 7.0
45 80 5.0
45 81 3.0
45 82 4.0
45 83 3.0
45 84 7.0
45 85 1.0
45 86 9.0
45 87 2.0
45 88 0.0
45 89 1.0
45 90 1.0
45 91 2.0
45 92 2.0
45 93 7.0
45 94 6.0
45 95 6.0
45 96 9.0
45 97 9.0
45 98 6.0
45 99 8.0
45 100 6.0
45 101 4.0
45 102 4.0
45 103 6.0
45 104 6.0
45 105 8.0
45 106 7.0
45 107 3.0
45 108 8.0
45 109 5.0
45 110 6.0
45 111 2.0
45 112 2.0
45 113 5.0
45 114 0.0
45 115 2.0
45 116 7.0
45 117 3.0
45 118 9.0
45 119 3.0
45 120 9.0
45 121 1.0
45 122 3.0
45 123 5.0
45 124 1.0
46 47 5.0
46 48 2.0
46 49 6.0
46 50 9.0
46 51 7.0
46 52 3.0
46 53 7.0
46 54 9.0
46 55 2.0
46 56 6.0
46 57 1.0
46 58 9.0
46 59 1.0
46 60 7.0
46 61 3.0
46 62 3.0
46 63 9.0
46 64 0.0
46 65 5.0
46 66 1.0
46 67 9.0
46 68 5.0
46 69 6.0
46 70 0.0
46 71 7.0
46 72 0.0
46 73 3.0
46 74 2.0
46 75 7.0
46 76 8.0
46 77 9.0
46 78 0.0
46 79 7.0
46 80 9.0
46 81 0.0
46 82 6.0
46 83 2.0
46 84 9.0
46 85 9.0
46 86 3.0
46 87 4.0
46 88 4.0
46 89 9.0
46 90 2.0
46 91 9.0
46 92 7.0
46 93 2.0
46 94 4.0
46 95 3.0
46 96 5.0
46 97 4.0
46 98 2.0
46 99 1.0
46 100 1.0
46 101 3.0
46 102 6.0
46 103 8.0
46 104 2.0
46 105 8.0
46 106 5.0
46 107 3.0
46 108 0.0
46 109 1.0
46 110 2.0
46 111 9.0
46 112 3.0
46 113 6.0
46 114 8.0
46 115 0.0
46 116 8.0
46 117 1.0
46 118 8.0
46 119 3.0
46 120 6.0
46 121 4.0
46 122 5.0
46 123 5.0
46 124 3.0
47 48 9.0
47 49 1.0
47 50 9.0
47 51 5.0
47 52 6.0
47 53 3.0
47 54 5.0
47 55 0.0
47 56 3.0
47 57 4.0
47 58 6.0
47 59 0.0
47 60 8.0
47 61 6.0
47 62 4.0
47 63 3.0
47 64 8.0
47 65 2.0
47 66 8.0
47 67 8.0
47 68 9.0
47 69 4.0
47 70 8.0
47 71 3.0
47 72 9.0
47 73 4.0
47 74 7.0
47 75 2.0
47 76 2.0
47 77 4.0
47 78 8.0
47 79 5.0
47 80 6.0
47 81 7.0
47 82 5.0
47 83 5.0
47 84 5.0
47 85 2.0
47 86 2.0
47 87 1.0
47 88 0.0
47 89 0.0
47 90 0.0
47 91 4.0
47 92 9.0
47 93 6.0
47 94 3.0
47 95 8.0
47 96 1.0
47 97 1.0
47 98 8.0
47 99 3.0
47 100 7.0
47 101 1.0
47 102 2.0
47 103 2.0
47 104 0.0
47 105 8.0
47 106 7.0
47 107 7.0
47 108 2.0
47 109 7.0
47 110 8.0
47 111 2.0
47 112 9.0
47 113 8.0
47 114 0.0
47 115 7.0
47 116 1.0
47 117 5.0
47 118 7.0
47 119 3.0
47 120 2.0
47 121 3.0
47 122 5.0
47 123 8.0
47 124 6.0
48 49 2.0
48 50 1.0
48 51 4.0
48 52 0.0
48 53 6.0
48 54 7.0
48 55 9.0
48 56 0.0
48 57 5.0
48 58 7.0
48 59 6.0
48 60 5.0
48 61 9.0
48 62 9.0
48 63 4.0
48 64 7.0
48 65 4.0
48 66 8.0
48 67 7.0
48 68 6.0
48 69 7.0
48 70 0.0
48 71 9.0
48 72 8.0
48 73 2.0
48 74 8.0
48 75 2.0
48 76 9.0
48 77 5.0
48 78 4.0
48 79 7.0
48 80 5.0
48 81 4.0
48 82 7.0
48 83 5.0
48 84 4.0
48 85 6.0
48 86 5.0
48 87 2.0
48 88 9.0
48 89 6.0
48 90 5.0
48 91 2.0
48 92 2.0
48 93 6.0
48 94 0.0
48 95 1.0
48 96 2.0
48 97 8.0
48 98 2.0
48 99 0.0
48 100 2.0
48 101 0.0
48 102 7.0
48 103 2.0
48 104 3.0
48 105 3.0
48 106 1.0
48 107 5.0
48 108 1.0
48 109 3.0
48 110 6.0
48 111 3.0
48 112 5.0
48 113 6.0
48 114 9.0
48 115 1.0
48 116 2.0
48 117 4.0
48 118 6.0
48 119 2.0
48 120 6.0
48 121 3.0
48 122 7.0
48 123 8.0
48 124 2.0
49 50 6.0
49 51 2.0
49 52 9.0
49 53 3.0
49 54 0.0
49 55 8.0
49 56 8.0
49 57 4.0
49 58 8.0
49 59 3.0
49 60 6.0
49 61 4.0
49 62 6.0
49 63 9.0
49 64 3.0
49 65 6.0
49 66 5.0
49 67 7.0
49 68 2.0
49 69 0.0
49 70 0.0
49 71 2.0
49 72 2.0
49 73 4.0
49 74 0.0
49 75 0.0
49 76 3.0
49 77 5.0
49 78 3.0
49 79 2.0
49 80 9.0
49 81 6.0
49 82 7.0
49 83 2.0
49 84 0.0
49 85 8.0
49 86 8.0
49 87 2.0
49 88 8.0
49 89 5.0
49 90 4.0
49 91 3.0
49 92 8.0
49 93 1.0
49 94 3.0
49 95 0.0
49 96 4.0
49 97 8.0
49 98 1.0
49 99 0.0
49 100 0.0
49 101 0.0
49 102 1.0
49 103 7.0
49 104 2.0
49 105 9.0
49 106 0.0
49 107 1.0
49 108 0.0
49 109 9.0
49 110 8.0
49 111 8.0
49 112 5.0
49 113 8.0
49 114 8.0
49 115 3.0
49 116 6.0
49 117 5.0
49 118 7.0
49 119 5.0
49 120 8.0
49 121 7.0
49 122 3.0
49 123 9.0
49 124 5.0
50 51 3.0
50 52 2.0
50 53 7.0
50 54 2.0
50 55 3.0
50 56 6.0
50 57 3.0
50 58 9.0
50 59 6.0
50 60 1.0
50 61 1.0
50 62 1.0
50 63 7.0
50 64 3.0
50 65 4.0
50 66 6.0
50 67 6.0
50 68 0.0
50 69 6.0
50 70 4.0
50 71 1.0
50 72 5.0
50 73 5.0
50 74 2.0
50 75 5.0
50 76 7.0
50 77 2.0
50 78 7.0
50 79 5.0
50 80 3.0
50 81 0.0
50 82 7.0
50 83 6.0
50 84 3.0
50 85 9.0
50 86 6.0
50 87 7.0
50 88 4.0
50 89 6.0
50 90 3.0
50 91 6.0
50 92 1.0
50 93 7.0
50 94 0.0
50 95 3.0
50 96 3.0
50 97 9.0
50 98 3.0
50 99 6.0
50 100 3.0
50 101 3.0
50 102 9.0
50 103 0.0
50 104 7.0
50 105 4.0
50 106 2.0
50 107 2.0
50 108 1.0
50 109 6.0
50 110 3.0
50 111 2.0
50 112 8.0
50 113 1.0
50 114 8.0
50 115 8.0
50 116 2.0
50 117 0.0
50 118 5.0
50 119 0.0
50 120 3.0
50 121 1.0
50 122 4.0
50 123 2.0
50 124 5.0
51 52 1.0
51 53 7.0
51 54 6.0
51 55 2.0
51 56 0.0
51 57 9.0
51 58 7.0
51 59 0.0
51 60 2.0
51 61 3.0
51 62 3.0
51 63 9.0
51 64 9.0
51 65 1.0
51 66 6.0
51 67 3.0
51 68 4.0
51 69 6.0
51 70 8.0
51 71 3.0
51 72 3.0
51 73 2.0
51 74 4.0
51 75 6.0
51 76 7.0
51 77 5.0
51 78 8.0
51 79 4.0
51 80 1.0
51 81 1.0
51 82 0.0
51 83 4.0
51 84 4.0
51 85 5.0
51 86 5.0
51 87 7.0
51 88 9.0
51 89 7.0
51 90 4.0
51 91 4.0
51 92 4.0
51 93 5.0
51 94 3.0
51 95 2.0
51 96 3.0
51 97 3.0
51 98 0.0
51 99 6.0
51 100 9.0
51 101 2.0
51 102 4.0
51 103 3.0
51 104 3.0
51 105 4.0
51 106 2.0
51 107 7.0
51 108 9.0
51 109 9.0
51 110 3.0
51 111 8.0
51 112 2.0
51 113 1.0
51 114 1.0
51 115 4.0
51 116 5.0
51 117 1.0
51 118 1.0
51 119 8.0
51 120 2.0
51 121 5.0
51 122 7.0
51 123 3.0
51 124 7.0
52 53 3.0
52 54 5.0
52 55 0.0
52 56 4.0
52 57 2.0
52 58 4.0
52 59 8.0
52 60 0.0
52 61 7.0
52 62 1.0
52 63 5.0
52 64 9.0
52 65 3.0
52 66 0.0
52 67 6.0
52 68 7.0
52 69 5.0
52 70 9.0
52 71 1.0
52 72 2.0
52 73 5.0
52 74 5.0
52 75 3.0
52 76 7.0
52 77 3.0
52 78 0.0
52 79 2.0
52 80 0.0
52 81 9.0
52 82 2.0
52 83 2.0
52 84 6.0
52 85 1.0
52 86 3.0
52 87 4.0
52 88 5.0
52 89 9.0
52 90 8.0
52 91 5.0
52 92 3.0
52 93 5.0
52 94 3.0
52 95 2.0
52 96 2.0
52 97 5.0
52 98 5.0
52 99 7.0
52 100 8.0
52 101 1.0
52 102 5.0
52 103 5.0
52 104 7.0
52 105 8.0
52 106 6.0
52 107 9.0
52 108 7.0
52 109 0.0
52 110 4.0
52 111 2.0
52 112 5.0
52 113 6.0
52 114 8.0
52 115 1.0
52 116 9.0
52 117 4.0
52 118 8.0
52 119 5.0
52 120 6.0
52 121 1.0
52 122 6.0
52 123 5.0
52 124 9.0
53 54 7.0
53 55 7.0
53 56 2.0
53 57 2.0
53 58 8.0
53 59 7.0
53 60 5.0
53 61 3.0
53 62 9.0
53 63 0.0
53 64 3.0
53 65 5.0
53 66 9.0
53 67 5.0
53 68 4.0
53 69 8.0
53 70 9.0
53 71 4.0
53 72 9.0
53 73 7.0
53 74 7.0
53 75 7.0
53 76 8.0
53 77 8.0
53 78 5.0
53 79 7.0
53 80 8.0
53 81 8.0
53 82 8.0
53 83 1.0
53 84 8.0
53 85 9.0
53 86 4.0
53 87 8.0
53 88 5.0
53 89 7.0
53 90 4.0
53 91 2.0
53 92 0.0
53 93 7.0
53 94 9.0
53 95 4.0
53 96 1.0
53 97 1.0
53 98 0.0
53 99 8.0
53 100 0.0
53 101 0.0
53 102 2.0
53 103 8.0
53 104 1.0
53 105 6.0
53 106 4.0
53 107 8.0
53 108 1.0
53 109 7.0
53 110 7.0
53 111 1.0
53 112 4.0
53 113 3.0
53 114 2.0
53 115 0.0
53 116 6.0
53 117 6.0
53 118 5.0
53 119 4.0
53 120 0.0
53 121 5.0
53 122 8.0
53 123 6.0
53 124 2.0
54 55 0.0
54 56 3.0
54 57 6.0
54 58 1.0
54 59 2.0
54 60 2.0
54 61 4.0
54 62 1.0
54 63 0.0
54 64 1.0
54 65 6.0
54 66 0.0
54 67 2.0
54 68 1.0
54 69 3.0
54 70 4.0
54 71 8.0
54 72 0.0
54 73 5.0
54 74 4.0
54 75 8.0
54 76 0.0
54 77 8.0
54 78 9.0
54 79 1.0
54 80 0.0
54 81 2.0
54 82 8.0
54 83 1.0
54 84 3.0
54 85 0.0
54 86 3.0
54 87 7.0
54 88 7.0
54 89 8.0
54 90 4.0
54 91 0.0
54 92 9.0
54 93 1.0
54 94 7.0
54 95 5.0
54 96 5.0
54 97 8.0
54 98 7.0
54 99 4.0
54 100 5.0
54 101 8.0
54 102 5.0
54 103 4.0
54 104 6.0
54 105 1.0
54 106 7.0
54 107 4.0
54 108 4.0
54 109 9.0
54 110 9.0
54 111 4.0
54 112 7.0
54 113 1.0
54 114 2.0
54 115 9.0
54 116 5.0
54 117 6.0
54 118 3.0
54 119 7.0
54 120 1.0
54 121 5.0
54 122 6.0
54 123 0.0
54 124 3.0
55 56 2.0
55 57 6.0
55 58 0.0
55 59 3.0
55 60 1.0
55 61 3.0
55 62 8.0
55 63 3.0
55 64 1.0
55 65 4.0
55 66 9.0
55 67 2.0
55 68 3.0
55 69 6.0
55 70 7.0
55 71 9.0
55 72 1.0
55 73 8.0
55 74 6.0
55 75 1.0
55 76 8.0
55 77 8.0
55 78 3.0
55 79 7.0
55 80 4.0
55 81 0.0
55 82 8.0
55 83 3.0
55 84 2.0
55 85 6.0
55 86 4.0
55 87 9.0
55 88 8.0
55 89 6.0
55 90 0.0
55 91 1.0
55 92 2.0
55 93 7.0
55 94 4.0
55 95 1.0
55 96 0.0
55 97 3.0
55 98 4.0
55 99 5.0
55 100 8.0
55 101 6.0
55 102 1.0
55 103 9.0
55 104 0.0
55 105 0.0
55 106 6.0
55 107 4.0
55 108 0.0
55 109 7.0
55 110 1.0
55 111 1.0
55 112 7.0
55 113 4.0
55 114 5.0
55 115 2.0
55 116 8.0
55 117 0.0
55 118 5.0
55 119 7.0
55 120 0.0
55 121 1.0
55 122 5.0
55 123 5.0
55 124 0.0
56 57 6.0
56 58 8.0
56 59 3.0
56 60 4.0
56 61 0.0
56 62 8.0
56 63 3.0
56 64 1.0
56 65 6.0
56 66 5.0
56 67 0.0
56 68 7.0
56 69 2.0
56 70 3.0
56 71 4.0
56 72 1.0
56 73 6.0
56 74 9.0
56 75 3.0
56 76 5.0
56 77 1.0
56 78 8.0
56 79 6.0
56 80 2.0
56 81 3.0
56 82 5.0
56 83 8.0
56 84 4.0
56 85 2.0
56 86 8.0
56 87 0.0
56 88 9.0
56 89 0.0
56 90 6.0
56 91 8.0
56 92 9.0
56 93 7.0
56 94 4.0
56 95 8.0
56 96 7.0
56 97 5.0
56 98 1.0
56 99 7.0
56 100 3.0
56 101 4.0
56 102 2.0
56 103 7.0
56 104 9.0
56 105 6.0
56 106 6.0
56 107 8.0
56 108 7.0
56 109 3.0
56 110 1.0
56 111 2.0
56 112 6.0
56 113 7.0
56 114 5.0
56 115 6.0
56 116 4.0
56 117 1.0
56 118 8.0
56 119 1.0
56 120 0.0
56 121 3.0
56 122 3.0
56 123 0.0
56 124 6.0
57 58 2.0
57 59 3.0
57 60 9.0
57 61 6.0
57 62 6.0
57 63 7.0
57 64 5.0
57 65 7.0
57 66 7.0
57 67 7.0
57 68 2.0
57 69 5.0
57 70 1.0
57 71 5.0
57 72 4.0
57 73 3.0
57 74 0.0
57 75 4.0
57 76 1.0
57 77 6.0
57 78 5.0
57 79 4.0
57 80 7.0
57 81 1.0
57 82 9.0
57 83 6.0
57 84 1.0
57 85 8.0
57 86 0.0
57 87 1.0
57 88 1.0
57 89 5.0
57 90 9.0
57 91 7.0
57 92 1.0
57 93 1.0
57 94 8.0
57 95 1.0
57 96 8.0
57 97 1.0
57 98 1.0
57 99 9.0
57 100 5.0
57 101 8.0
57 102 1.0
57 103 0.0
57 104 6.0
57 105 1.0
57 106 2.0
57 107 1.0
57 108 9.0
57 109 9.0
57 110 0.0
57 111 0.0
57 112 7.0
57 113 9.0
57 114 4.0
57 115 9.0
57 116 4.0
57 117 1.0
57 118 2.0
57 119 0.0
57 120 0.0
57 121 0.0
57 122 0.0
57 123 1.0
57 124 0.0
58 59 1.0
58 60 7.0
58 61 7.0
58 62 0.0
58 63 7.0
58 64 1.0
58 65 5.0
58 66 8.0
58 67 5.0
58 68 7.0
58 69 6.0
58 70 8.0
58 71 7.0
58 72 6.0
58 73 5.0
58 74 8.0
58 75 4.0
58 76 1.0
58 77 5.0
58 78 4.0
58 79 2.0
58 80 7.0
58 81 8.0
58 82 8.0
58 83 8.0
58 84 8.0
58 85 6.0
58 86 9.0
58 87 8.0
58 88 1.0
58 89 0.0
58 90 5.0
58 91 4.0
58 92 4.0
58 93 3.0
58 94 0.0
58 95 7.0
58 96 1.0
58 97 4.0
58 98 9.0
58 99 8.0
58 100 8.0
58 101 4.0
58 102 0.0
58 103 5.0
58 104 5.0
58 105 0.0
58 106 3.0
58 107 0.0
58 108 9.0
58 109 0.0
58 110 5.0
58 111 3.0
58 112 4.0
58 113 1.0
58 114 6.0
58 115 8.0
58 116 2.0
58 117 9.0
58 118 2.0
58 119 3.0
58 120 7.0
58 121 1.0
58 122 7.0
58 123 1.0
58 124 9.0
59 60 1.0
59 61 6.0
59 62 3.0
59 63 2.0
59 64 5.0
59 65 7.0
59 66 2.0
59 67 9.0
59 68 6.0
59 69 9.0
59 70 4.0
59 71 3.0
59 72 7.0
59 73 1.0
59 74 8.0
59 75 7.0
59 76 1.0
59 77 3.0
59 78 2.0
59 79 4.0
59 80 9.0
59 81 5.0
59 82 7.0
59 83 7.0
59 84 1.0
59 85 3.0
59 86 3.0
59 87 2.0
59 88 5.0
59 89 8.0
59 90 5.0
59 91 9.0
59 92 6.0
59 93 6.0
59 94 0.0
59 95 7.0
59 96 1.0
59 97 7.0
59 98 0.0
59 99 7.0
59 100 5.0
59 101 0.0
59 102 9.0
59 103 5.0
59 104 3.0
59 105 6.0
59 106 4.0
59 107 6.0
59 108 6.0
59 109 1.0
59 110 5.0
59 111 6.0
59 112 1.0
59 113 1.0
59 114 0.0
59 115 7.0
59 116 7.0
59 117 2.0
59 118 4.0
59 119 3.0
59 120 0.0
59 121 9.0
59 122 3.0
59 123 0.0
59 124 2.0
60 61 7.0
60 62 9.0
60 63 6.0
60 64 1.0
60 65 0.0
60 66 4.0
60 67 0.0
60 68 4.0
60 69 5.0
60 70 0.0
60 71 3.0
60 72 3.0
60 73 1.0
60 74 7.0
60 75 5.0
60 76 1.0
60 77 4.0
60 78 8.0
60 79 0.0
60 80 0.0
60 81 0.0
60 82 4.0
60 83 8.0
60 84 5.0
60 85 7.0
60 86 9.0
60 87 0.0
60 88 1.0
60 89 6.0
60 90 3.0
60 91 1.0
60 92 1.0
60 93 2.0
60 94 1.0
60 95 7.0
60 96 9.0
60 97 4.0
60 98 3.0
60 99 4.0
60 100 7.0
60 101 0.0
60 102 2.0
60 103 5.0
60 104 8.0
60 105 3.0
60 106 2.0
60 107 3.0
60 108 6.0
60 109 2.0
60 110 1.0
60 111 4.0
60 112 7.0
60 113 2.0
60 114 7.0
60 115 1.0
60 116 9.0
60 117 1.0
60 118 2.0
60 119 6.0
60 120 5.0
60 121 3.0
60 122 4.0
60 123 7.0
60 124 6.0
61 62 5.0
61 63 4.0
61 64 6.0
61 65 4.0
61 66 3.0
61 67 4.0
61 68 0.0
61 69 0.0
61 70 8.0
61 71 0.0
61 72 9.0
61 73 0.0
61 74 0.0
61 75 7.0
61 76 6.0
61 77 9.0
61 78 9.0
61 79 9.0
61 80 8.0
61 81 0.0
61 82 7.0
61 83 2.0
61 84 8.0
61 85 5.0
61 86 4.0
61 87 9.0
61 88 3.0
61 89 9.0
61 90 4.0
61 91 3.0
61 92 5.0
61 93 2.0
61 94 8.0
61 95 0.0
61 96 1.0
61 97 9.0
61 98 7.0
61 99 0.0
61 100 9.0
61 101 3.0
61 102 7.0
61 103 7.0
61 104 2.0
61 105 2.0
61 106 4.0
61 107 8.0
61 108 3.0
61 109 1.0
61 110 8.0
61 111 5.0
61 112 8.0
61 113 4.0
61 114 1.0
61 115 2.0
61 116 9.0
61 117 9.0
61 118 0.0
61 119 5.0
61 120 5.0
61 121 8.0
61 122 9.0
61 123 6.0
61 124 7.0
62 63 1.0
62 64 8.0
62 65 1.0
62 66 2.0
62 67 8.0
62 68 6.0
62 69 7.0
62 70 0.0
62 71 8.0
62 72 0.0
62 73 3.0
62 74 4.0
62 75 9.0
62 76 6.0
62 77 6.0
62 78 4.0
62 79 0.0
62 80 3.0
62 81 1.0
62 82 2.0
62 83 0.0
62 84 9.0
62 85 0.0
62 86 3.0
62 87 0.0
62 88 6.0
62 89 8.0
62 90 6.0
62 91 8.0
62 92 2.0
62 93 4.0
62 94 5.0
62 95 4.0
62 96 9.0
62 97 8.0
62 98 5.0
62 99 2.0
62 100 8.0
62 101 5.0
62 102 9.0
62 103 4.0
62 104 3.0
62 105 4.0
62 106 4.0
62 107 6.0
62 108 1.0
62 109 7.0
62 110 0.0
62 111 4.0
62 112 6.0
62 113 3.0
62 114 4.0
62 115 9.0
62 116 0.0
62 117 8.0
62 118 3.0
62 119 8.0
62 120 8.0
62 121 4.0
62 122 0.0
62 123 0.0
62 124 4.0
63 64 1.0
63 65 0.0
63 66 1.0
63 67 5.0
63 68 4.0
63 69 9.0
63 70 4.0
63 71 8.0
63 72 1.0
63 73 9.0
63 74 7.0
63 75 0.0
63 76 0.0
63 77 8.0
63 78 6.0
63 79 5.0
63 80 1.0
63 81 1.0
63 82 3.0
63 83 9.0
63 84 7.0
63 85 7.0
63 86 2.0
63 87 3.0
63 88 6.0
63 89 4.0
63 90 9.0
63 91 0.0
63 92 1.0
63 93 7.0
63 94 9.0
63 95 9.0
63 96 8.0
63 97 7.0
63 98 7.0
63 99 6.0
63 100 0.0
63 101 3.0
63 102 1.0
63 103 4.0
63 104 5.0
63 105 4.0
63 106 9.0
63 107 2.0
63 108 6.0
63 109 6.0
63 110 2.0
63 111 7.0
63 112 8.0
63 113 6.0
63 114 3.0
63 115 1.0
63 116 1.0
63 117 2.0
63 118 5.0
63 119 0.0
63 120 0.0
63 121 5.0
63 122 3.0
63 123 1.0
63 124 6.0
64 65 5.0
64 66 8.0
64 67 6.0
64 68 0.0
64 69 6.0
64 70 6.0
64 71 0.0
64 72 6.0
64 73 1.0
64 74 6.0
64 75 7.0
64 76 3.0
64 77 1.0
64 78 2.0
64 79 8.0
64 80 6.0
64 81 8.0
64 82 8.0
64 83 4.0
64 84 2.0
64 85 1.0
64 86 1.0
64 87 1.0
64 88 2.0
64 89 5.0
64 90 5.0
64 91 5.0
64 92 9.0
64 93 8.0
64 94 4.0
64 95 0.0
64 96 8.0
64 97 8.0
64 98 8.0
64 99 4.0
64 100 3.0
64 101 1.0
64 102 7.0
64 103 5.0
64 104 4.0
64 105 2.0
64 106 6.0
64 107 4.0
64 108 7.0
64 109 0.0
64 110 0.0
64 111 6.0
64 112 8.0
64 113 3.0
64 114 1.0
64 115 6.0
64 116 5.0
64 117 5.0
64 118 1.0
64 119 7.0
64 120 9.0
64 121 3.0
64 122 1.0
64 123 4.0
64 124 7.0
65 66 7.0
65 67 9.0
65 68 6.0
65 69 3.0
65 70 8.0
65 71 7.0
65 72 5.0
65 73 9.0
65 74 7.0
65 75 7.0
65 76 5.0
65 77 6.0
65 78 7.0
65 79 2.0
65 80 1.0
65 81 3.0
65 82 8.0
65 83 0.0
65 84 6.0
65 85 3.0
65 86 1.0
65 87 2.0
65 88 9.0
65 89 5.0
65 90 0.0
65 91 5.0
65 92 8.0
65 93 5.0
65 94 6.0
65 95 2.0
65 96 0.0
65 97 6.0
65 98 9.0
65 99 4.0
65 100 8.0
65 101 5.0
65 102 0.0
65 103 8.0
65 104 0.0
65 105 3.0
65 106 5.0
65 107 2.0
65 108 2.0
65 109 7.0
65 110 0.0
65 111 0.0
65 112 4.0
65 113 3.0
65 114 2.0
65 115 4.0
65 116 7.0
65 117 1.0
65 118 5.0
65 119 9.0
65 120 2.0
65 121 8.0
65 122 3.0
65 123 5.0
65 124 2.0
66 67 8.0
66 68 1.0
66 69 7.0
66 70 2.0
66 71 7.0
66 72 0.0
66 73 4.0
66 74 6.0
66 75 0.0
66 76 7.0
66 77 0.0
66 78 6.0
66 79 3.0
66 80 0.0
66 81 0.0
66 82 4.0
66 83 5.0
66 84 8.0
66 85 7.0
66 86 4.0
66 87 7.0
66 88 7.0
66 89 6.0
66 90 1.0
66 91 1.0
66 92 7.0
66 93 0.0
66 94 2.0
66 95 4.0
66 96 7.0
66 97 5.0
66 98 9.0
66 99 2.0
66 100 8.0
66 101 6.0
66 102 9.0
66 103 9.0
66 104 4.0
66 105 0.0
66 106 4.0
66 107 4.0
66 108 7.0
66 109 2.0
66 110 9.0
66 111 1.0
66 112 6.0
66 113 4.0
66 114 1.0
66 115 6.0
66 116 3.0
66 117 8.0
66 118 6.0
66 119 5.0
66 120 8.0
66 121 6.0
66 122 2.0
66 123 5.0
66 124 5.0
67 68 4.0
67 69 1.0
67 70 9.0
67 71 9.0
67 72 3.0
67 73 0.0
67 74 1.0
67 75 0.0
67 76 2.0
67 77 3.0
67 78 3.0
67 79 8.0
67 80 9.0
67 81 2.0
67 82 2.0
67 83 7.0
67 84 1.0
67 85 7.0
67 86 6.0
67 87 4.0
67 88 9.0
67 89 5.0
67 90 1.0
67 91 1.0
67 92 9.0
67 93 5.0
67 94 3.0
67 95 8.0
67 96 2.0
67 97 7.0
67 98 2.0
67 99 4.0
67 100 3.0
67 101 8.0
67 102 5.0
67 103 6.0
67 104 8.0
67 105 4.0
67 106 0.0
67 107 1.0
67 108 2.0
67 109 0.0
67 110 8.0
67 111 0.0
67 112 8.0
67 113 0.0
67 114 2.0
67 115 8.0
67 116 0.0
67 117 9.0
67 118 5.0
67 119 2.0
67 120 5.0
67 121 1.0
67 122 6.0
67 123 8.0
67 124 5.0
68 69 1.0
68 70 5.0
68 71 0.0
68 72 9.0
68 73 5.0
68 74 5.0
68 75 0.0
68 76 8.0
68 77 5.0
68 78 3.0
68 79 7.0
68 80 6.0
68 81 5.0
68 82 6.0
68 83 5.0
68 84 5.0
68 85 6.0
68 86 0.0
68 87 9.0
68 88 1.0
68 89 5.0
68 90 0.0
68 91 8.0
68 92 0.0
68 93 0.0
68 94 0.0
68 95 3.0
68 96 7.0
68 97 9.0
68 98 3.0
68 99 9.0
68 100 8.0
68 101 6.0
68 102 3.0
68 103 5.0
68 104 1.0
68 105 0.0
68 106 5.0
68 107 8.0
68 108 8.0
68 109 4.0
68 110 3.0
68 111 1.0
68 112 5.0
68 113 7.0
68 114 0.0
68 115 2.0
68 116 6.0
68 117 3.0
68 118 9.0
68 119 8.0
68 120 9.0
68 121 1.0
68 122 5.0
68 123 8.0
68 124 7.0
69 70 0.0
69 71 8.0
69 72 5.0
69 73 9.0
69 74 7.0
69 75 2.0
69 76 0.0
69 77 5.0
69 78 1.0
69 79 7.0
69 80 0.0
69 81 4.0
69 82 2.0
69 83 0.0
69 84 1.0
69 85 3.0
69 86 7.0
69 87 3.0
69 88 8.0
69 89 9.0
69 90 1.0
69 91 0.0
69 92 2.0
69 93 4.0
69 94 5.0
69 95 4.0
69 96 4.0
69 97 0.0
69 98 0.0
69 99 3.0
69 100 6.0
69 101 2.0
69 102 6.0
69 103 8.0
69 104 9.0
69 105 8.0
69 106 4.0
69 107 6.0
69 108 4.0
69 109 4.0
69 110 5.0
69 111 5.0
69 112 1.0
69 113 0.0
69 114 4.0
69 115 8.0
69 116 9.0
69 117 0.0
69 118 2.0
69 119 0.0
69 120 9.0
69 121 2.0
69 122 7.0
69 123 2.0
69 124 3.0
70 71 8.0
70 72 7.0
70 73 2.0
70 74 7.0
70 75 5.0
70 76 7.0
70 77 0.0
70 78 0.0
70 79 8.0
70 80 4.0
70 81 2.0
70 82 0.0
70 83 0.0
70 84 8.0
70 85 2.0
70 86 7.0
70 87 9.0
70 88 8.0
70 89 3.0
70 90 9.0
70 91 7.0
70 92 4.0
70 93 4.0
70 94 7.0
70 95 1.0
70 96 5.0
70 97 5.0
70 98 8.0
70 99 9.0
70 100 9.0
70 101 2.0
70 102 5.0
70 103 2.0
70 104 3.0
70 105 2.0
70 106 1.0
70 107 8.0
70 108 1.0
70 109 1.0
70 110 2.0
70 111 5.0
70 112 0.0
70 113 3.0
70 114 5.0
70 115 0.0
70 116 5.0
70 117 1.0
70 118 4.0
70 119 1.0
70 120 2.0
70 121 6.0
70 122 2.0
70 123 0.0
70 124 4.0
71 72 4.0
71 73 4.0
71 74 2.0
71 75 4.0
71 76 2.0
71 77 6.0
71 78 0.0
71 79 8.0
71 80 2.0
71 81 0.0
71 82 1.0
71 83 6.0
71 84 1.0
71 85 9.0
71 86 0.0
71 87 2.0
71 88 4.0
71 89 2.0
71 90 6.0
71 91 8.0
71 92 4.0
71 93 9.0
71 94 1.0
71 95 9.0
71 96 7.0
71 97 3.0
71 98 0.0
71 99 1.0
71 100 4.0
71 101 7.0
71 102 7.0
71 103 3.0
71 104 8.0
71 105 2.0
71 106 1.0
71 107 3.0
71 108 6.0
71 109 4.0
71 110 9.0
71 111 9.0
71 112 9.0
71 113 0.0
71 114 0.0
71 115 7.0
71 116 9.0
71 117 6.0
71 118 8.0
71 119 8.0
71 120 3.0
71 121 8.0
71 122 7.0
71 123 8.0
71 124 8.0
72 73 5.0
72 74 5.0
72 75 2.0
72 76 2.0
72 77 5.0
72 78 9.0
72 79 9.0
72 80 7.0
72 81 4.0
72 82 1.0
72 83 6.0
72 84 1.0
72 85 1.0
72 86 6.0
72 87 8.0
72 88 0.0
72 89 3.0
72 90 2.0
72 91 8.0
72 92 4.0
72 93 7.0
72 94 1.0
72 95 6.0
72 96 1.0
72 97 3.0
72 98 6.0
72 99 8.0
72 100 1.0
72 101 0.0
72 102 4.0
72 103 6.0
72 104 8.0
72 105 6.0
72 106 4.0
72 107 6.0
72 108 4.0
72 109 8.0
72 110 0.0
72 111 8.0
72 112 2.0
72 113 6.0
72 114 5.0
72 115 9.0
72 116 8.0
72 117 1.0
72 118 2.0
72 119 0.0
72 120 1.0
72 121 3.0
72 122 3.0
72 123 9.0
72 124 9.0
73 74 3.0
73 75 7.0
73 76 0.0
73 77 4.0
73 78 7.0
73 79 4.0
73 80 0.0
73 81 0.0
73 82 2.0
73 83 1.0
73 84 1.0
73 85 0.0
73 86 9.0
73 87 7.0
73 88 4.0
73 89 4.0
73 90 6.0
73 91 1.0
73 92 9.0
73 93 4.0
73 94 3.0
73 95 6.0
73 96 8.0
73 97 4.0
73 98 0.0
73 99 7.0
73 100 5.0
73 101 2.0
73 102 9.0
73 103 7.0
73 104 1.0
73 105 8.0
73 106 3.0
73 107 5.0
73 108 3.0
73 109 0.0
73 110 0.0
73 111 0.0
73 112 0.0
73 113 6.0
73 114 6.0
73 115 2.0
73 116 6.0
73 117 0.0
73 118 9.0
73 119 0.0
73 120 8.0
73 121 1.0
73 122 5.0
73 123 9.0
73 124 1.0
74 75 7.0
74 76 8.0
74 77 7.0
74 78 0.0
74 79 0.0
74 80 6.0
74 81 8.0
74 82 6.0
74 83 3.0
74 84 4.0
74 85 0.0
74 86 8.0
74 87 9.0
74 88 5.0
74 89 0.0
74 90 1.0
74 91 0.0
74 92 4.0
74 93 2.0
74 94 3.0
74 95 7.0
74 96 0.0
74 97 4.0
74 98 0.0
74 99 5.0
74 100 6.0
74 101 3.0
74 102 0.0
74 103 4.0
74 104 2.0
74 105 4.0
74 106 0.0
74 107 0.0
74 108 7.0
74 109 4.0
74 110 3.0
74 111 5.0
74 112 5.0
74 113 6.0
74 114 2.0
74 115 8.0
74 116 1.0
74 117 3.0
74 118 6.0
74 119 4.0
74 120 6.0
74 121 7.0
74 122 4.0
74 123 5.0
74 124 6.0
75 76 3.0
75 77 4.0
75 78 4.0
75 79 4.0
75 80 3.0
75 81 3.0
75 82 4.0
75 83 6.0
75 84 6.0
75 85 5.0
75 86 3.0
75 87 5.0
75 88 5.0
75 89 0.0
75 90 0.0
75 91 5.0
75 92 4.0
75 93 6.0
75 94 2.0
75 95 2.0
75 96 6.0
75 97 1.0
75 98 6.0
75 99 7.0
75 100 3.0
75 101 4.0
75 102 2.0
75 103 4.0
75 104 1.0
75 105 2.0
75 106 3.0
75 107 3.0
75 108 5.0
75 109 7.0
75 110 0.0
75 111 4.0
75 112 2.0
75 113 7.0
75 114 0.0
75 115 0.0
75 116 9.0
75 117 3.0
75 118 4.0
75 119 3.0
75 120 4.0
75 121 1.0
75 122 6.0
75 123 7.0
75 124 7.0
76 77 5.0
76 78 2.0
76 79 0.0
76 80 1.0
76 81 5.0
76 82 7.0
76 83 9.0
76 84 9.0
76 85 5.0
76 86 3.0
76 87 4.0
76 88 7.0
76 89 9.0
76 90 7.0
76 91 0.0
76 92 8.0
76 93 6.0
76 94 0.0
76 95 9.0
76 96 2.0
76 97 1.0
76 98 4.0
76 99 4.0
76 100 4.0
76 101 0.0
76 102 5.0
76 103 6.0
76 104 2.0
76 105 1.0
76 106 7.0
76 107 6.0
76 108 9.0
76 109 6.0
76 110 3.0
76 111 7.0
76 112 7.0
76 113 3.0
76 114 5.0
76 115 6.0
76 116 9.0
76 117 7.0
76 118 9.0
76 119 4.0
76 120 9.0
76 121 3.0
76 122 4.0
76 123 5.0
76 124 2.0
77 78 0.0
77 79 0.0
77 80 9.0
77 81 6.0
77 82 1.0
77 83 6.0
77 84 4.0
77 85 7.0
77 86 7.0
77 87 0.0
77 88 1.0
77 89 6.0
77 90 8.0
77 91 1.0
77 92 5.0
77 93 1.0
77 94 1.0
77 95 1.0
77 96 6.0
77 97 5.0
77 98 4.0
77 99 2.0
77 100 7.0
77 101 8.0
77 102 2.0
77 103 3.0
77 104 1.0
77 105 6.0
77 106 6.0
77 107 6.0
77 108 1.0
77 109 6.0
77 110 7.0
77 111 6.0
77 112 5.0
77 113 5.0
77 114 4.0
77 115 3.0
77 116 0.0
77 117 1.0
77 118 1.0
77 119 4.0
77 120 4.0
77 121 0.0
77 122 3.0
77 123 9.0
77 124 5.0
78 79 9.0
78 80 2.0
78 81 0.0
78 82 5.0
78 83 6.0
78 84 0.0
78 85 5.0
78 86 5.0
78 87 0.0
78 88 7.0
78 89 1.0
78 90 6.0
78 91 3.0
78 92 6.0
78 93 0.0
78 94 5.0
78 95 2.0
78 96 2.0
78 97 6.0
78 98 5.0
78 99 1.0
78 100 3.0
78 101 3.0
78 102 7.0
78 103 2.0
78 104 6.0
78 105 8.0
78 106 7.0
78 107 3.0
78 108 6.0
78 109 1.0
78 110 3.0
78 111 6.0
78 112 8.0
78 113 0.0
78 114 0.0
78 115 5.0
78 116 4.0
78 117 5.0
78 118 5.0
78 119 0.0
78 120 0.0
78 121 5.0
78 122 7.0
78 123 5.0
78 124 8.0
79 80 1.0
79 81 6.0
79 82 3.0
79 83 1.0
79 84 3.0
79 85 0.0
79 86 5.0
79 87 8.0
79 88 5.0
79 89 7.0
79 90 0.0
79 91 8.0
79 92 7.0
79 93 8.0
79 94 2.0
79 95 0.0
79 96 8.0
79 97 9.0
79 98 7.0
79 99 8.0
79 100 4.0
79 101 0.0
79 102 3.0
79 103 9.0
79 104 9.0
79 105 0.0
79 106 9.0
79 107 8.0
79 108 8.0
79 109 6.0
79 110 3.0
79 111 0.0
79 112 5.0
79 113 0.0
79 114 2.0
79 115 0.0
79 116 0.0
79 117 8.0
79 118 0.0
79 119 8.0
79 120 0.0
79 121 4.0
79 122 6.0
79 123 2.0
79 124 7.0
80 81 1.0
80 82 8.0
80 83 2.0
80 84 7.0
80 85 7.0
80 86 4.0
80 87 7.0
80 88 6.0
80 89 9.0
80 90 2.0
80 91 5.0
80 92 9.0
80 93 7.0
80 94 7.0
80 95 9.0
80 96 2.0
80 97 1.0
80 98 3.0
80 99 9.0
80 100 9.0
80 101 8.0
80 102 2.0
80 103 2.0
80 104 4.0
80 105 6.0
80 106 9.0
80 107 1.0
80 108 4.0
80 109 1.0
80 110 0.0
80 111 5.0
80 112 2.0
80 113 6.0
80 114 2.0
80 115 6.0
80 116 6.0
80 117 2.0
80 118 3.0
80 119 1.0
80 120 2.0
80 121 8.0
80 122 5.0
80 123 4.0
80 124 6.0
81 82 9.0
81 83 1.0
81 84 5.0
81 85 3.0
81 86 2.0
81 87 0.0
81 88 1.0
81 89 8.0
81 90 0.0
81 91 8.0
81 92 8.0
81 93 5.0
81 94 1.0
81 95 7.0
81 96 8.0
81 97 5.0
81 98 5.0
81 99 7.0
81 100 7.0
81 101 4.0
81 102 3.0
81 103 9.0
81 104 1.0
81 105 0.0
81 106 6.0
81 107 9.0
81 108 7.0
81 109 7.0
81 110 1.0
81 111 3.0
81 112 7.0
81 113 7.0
81 114 6.0
81 115 4.0
81 116 7.0
81 117 8.0
81 118 1.0
81 119 1.0
81 120 3.0
81 121 8.0
81 122 7.0
81 123 0.0
81 124 0.0
82 83 7.0
82 84 5.0
82 85 6.0
82 86 3.0
82 87 1.0
82 88 9.0
82 89 5.0
82 90 0.0
82 91 0.0
82 92 0.0
82 93 6.0
82 94 4.0
82 95 2.0
82 96 3.0
82 97 8.0
82 98 5.0
82 99 5.0
82 100 4.0
82 101 3.0
82 102 3.0
82 103 6.0
82 104 7.0
82 105 8.0
82 106 6.0
82 107 9.0
82 108 8.0
82 109 5.0
82 110 2.0
82 111 6.0
82 112 4.0
82 113 1.0
82 114 4.0
82 115 0.0
82 116 0.0
82 117 7.0
82 118 7.0
82 119 4.0
82 120 0.0
82 121 8.0
82 122 1.0
82 123 9.0
82 124 9.0
83 84 5.0
83 85 1.0
83 86 3.0
83 87 6.0
83 88 6.0
83 89 3.0
83 90 5.0
83 91 5.0
83 92 6.0
83 93 6.0
83 94 7.0
83 95 6.0
83 96 7.0
83 97 4.0
83 98 8.0
83 99 8.0
83 100 3.0
83 101 6.0
83 102 7.0
83 103 6.0
83 104 1.0
83 105 7.0
83 106 4.0
83 107 8.0
83 108 1.0
83 109 3.0
83 110 9.0
83 111 3.0
83 112 6.0
83 113 2.0
83 114 6.0
83 115 7.0
83 116 1.0
83 117 8.0
83 118 9.0
83 119 3.0
83 120 3.0
83 121 2.0
83 122 9.0
83 123 6.0
83 124 0.0
84 85 1.0
84 86 5.0
84 87 2.0
84 88 0.0
84 89 5.0
84 90 4.0
84 91 8.0
84 92 5.0
84 93 4.0
84 94 8.0
84 95 6.0
84 96 0.0
84 97 1.0
84 98 2.0
84 99 5.0
84 100 5.0
84 101 3.0
84 102 9.0
84 103 5.0
84 104 2.0
84 105 9.0
84 106 1.0
84 107 1.0
84 108 3.0
84 109 6.0
84 110 3.0
84 111 1.0
84 112 7.0
84 113 3.0
84 114 7.0
84 115 5.0
84 116 4.0
84 117 5.0
84 118 0.0
84 119 1.0
84 120 6.0
84 121 4.0
84 122 3.0
84 123 2.0
84 124 2.0
85 86 2.0
85 87 8.0
85 88 4.0
85 89 1.0
85 90 3.0
85 91 8.0
85 92 3.0
85 93 0.0
85 94 6.0
85 95 5.0
85 96 1.0
85 97 6.0
85 98 3.0
85 99 2.0
85 100 5.0
85 101 7.0
85 102 2.0
85 103 8.0
85 104 7.0
85 105 2.0
85 106 6.0
85 107 1.0
85 108 4.0
85 109 3.0
85 110 4.0
85 111 6.0
85 112 8.0
85 113 3.0
85 114 5.0
85 115 1.0
85 116 1.0
85 117 3.0
85 118 3.0
85 119 3.0
85 120 5.0
85 121 2.0
85 122 5.0
85 123 6.0
85 124 2.0
86 87 5.0
86 88 0.0
86 89 7.0
86 90 4.0
86 91 7.0
86 92 9.0
86 93 9.0
86 94 2.0
86 95 4.0
86 96 2.0
86 97 6.0
86 98 4.0
86 99 5.0
86 100 5.0
86 101 5.0
86 102 5.0
86 103 0.0
86 104 8.0
86 105 8.0
86 106 0.0
86 107 2.0
86 108 5.0
86 109 7.0
86 110 5.0
86 111 7.0
86 112 5.0
86 113 5.0
86 114 5.0
86 115 0.0
86 116 1.0
86 117 7.0
86 118 3.0
86 119 0.0
86 120 7.0
86 121 0.0
86 122 4.0
86 123 7.0
86 124 5.0
87 88 3.0
87 89 2.0
87 90 0.0
87 91 8.0
87 92 8.0
87 93 0.0
87 94 0.0
87 95 3.0
87 96 1.0
87 97 9.0
87 98 6.0
87 99 4.0
87 100 5.0
87 101 8.0
87 102 9.0
87 103 2.0
87 104 1.0
87 105 7.0
87 106 5.0
87 107 9.0
87 108 9.0
87 109 7.0
87 110 6.0
87 111 0.0
87 112 3.0
87 113 5.0
87 114 8.0
87 115 4.0
87 116 1.0
87 117 8.0
87 118 2.0
87 119 9.0
87 120 6.0
87 121 4.0
87 122 1.0
87 123 5.0
87 124 1.0
88 89 1.0
88 90 7.0
88 91 2.0
88 92 9.0
88 93 8.0
88 94 2.0
88 95 7.0
88 96 3.0
88 97 9.0
88 98 3.0
88 99 4.0
88 100 5.0
88 101 1.0
88 102 3.0
88 103 6.0
88 104 8.0
88 105 2.0
88 106 0.0
88 107 8.0
88 108 9.0
88 109 0.0
88 110 8.0
88 111 6.0
88 112 1.0
88 113 2.0
88 114 1.0
88 115 3.0
88 116 0.0
88 117 4.0
88 118 3.0
88 119 4.0
88 120 7.0
88 121 4.0
88 122 4.0
88 123 2.0
88 124 6.0
89 90 5.0
89 91 3.0
89 92 3.0
89 93 9.0
89 94 0.0
89 95 2.0
89 96 2.0
89 97 7.0
89 98 2.0
89 99 2.0
89 100 2.0
89 101 3.0
89 102 5.0
89 103 4.0
89 104 6.0
89 105 9.0
89 106 1.0
89 107 3.0
89 108 0.0
89 109 8.0
89 110 1.0
89 111 6.0
89 112 8.0
89 113 6.0
89 114 5.0
89 115 2.0
89 116 7.0
89 117 7.0
89 118 4.0
89 119 1.0
89 120 6.0
89 121 5.0
89 122 8.0
89 123 9.0
89 124 7.0
90 91 3.0
90 92 8.0
90 93 7.0
90 94 1.0
90 95 6.0
90 96 2.0
90 97 7.0
90 98 6.0
90 99 1.0
90 100 4.0
90 101 5.0
90 102 3.0
90 103 3.0
90 104 0.0
90 105 8.0
90 106 8.0
90 107 2.0
90 108 9.0
90 109 8.0
90 110 9.0
90 111 2.0
90 112 1.0
90 113 1.0
90 114 9.0
90 115 8.0
90 116 9.0
90 117 1.0
90 118 3.0
90 119 0.0
90 120 0.0
90 121 9.0
90 122 5.0
90 123 4.0
90 124 8.0
91 92 5.0
91 93 9.0
91 94 2.0
91 95 3.0
91 96 1.0
91 97 6.0
91 98 6.0
91 99 8.0
91 100 5.0
91 101 9.0
91 102 0.0
91 103 8.0
91 104 1.0
91 105 2.0
91 106 1.0
91 107 7.0
91 108 5.0
91 109 8.0
91 110 2.0
91 111 6.0
91 112 8.0
91 113 1.0
91 114 4.0
91 115 9.0
91 116 4.0
91 117 5.0
91 118 5.0
91 119 9.0
91 120 4.0
91 121 1.0
91 122 1.0
91 123 3.0
91 124 6.0
92 93 4.0
92 94 1.0
92 95 5.0
92 96 7.0
92 97 8.0
92 98 0.0
92 99 6.0
92 100 8.0
92 101 0.0
92 102 4.0
92 103 5.0
92 104 5.0
92 105 2.0
92 106 0.0
92 107 9.0
92 108 7.0
92 109 3.0
92 110 6.0
92 111 2.0
92 112 4.0
92 113 3.0
92 114 6.0
92 115 5.0
92 116 2.0
92 117 2.0
92 118 9.0
92 119 4.0
92 120 8.0
92 121 1.0
92 122 6.0
92 123 6.0
92 124 4.0
93 94 3.0
93 95 0.0
93 96 0.0
93 97 2.0
93 98 7.0
93 99 6.0
93 100 9.0
93 101 8.0
93 102 8.0
93 103 9.0
93 104 2.0
93 105 5.0
93 106 2.0
93 107 9.0
93 108 9.0
93 109 2.0
93 110 9.0
93 111 9.0
93 112 9.0
93 113 4.0
93 114 1.0
93 115 3.0
93 116 4.0
93 117 1.0
93 118 1.0
93 119 2.0
93 120 0.0
93 121 2.0
93 122 9.0
93 123 0.0
93 124 4.0
94 95 8.0
94 96 8.0
94 97 3.0
94 98 4.0
94 99 5.0
94 100 6.0
94 101 5.0
94 102 1.0
94 103 7.0
94 104 4.0
94 105 9.0
94 106 3.0
94 107 2.0
94 108 0.0
94 109 4.0
94 110 6.0
94 111 9.0
94 112 1.0
94 113 0.0
94 114 3.0
94 115 9.0
94 116 0.0
94 117 1.0
94 118 7.0
94 119 7.0
94 120 4.0
94 121 5.0
94 122 3.0
94 123 7.0
94 124 9.0
95 96 8.0
95 97 3.0
95 98 4.0
95 99 9.0
95 100 4.0
95 101 7.0
95 102 4.0
95 103 4.0
95 104 4.0
95 105 4.0
95 106 1.0
95 107 4.0
95 108 8.0
95 109 6.0
95 110 5.0
95 111 5.0
95 112 0.0
95 113 0.0
95 114 6.0
95 115 5.0
95 116 0.0
95 117 8.0
95 118 0.0
95 119 5.0
95 120 1.0
95 121 0.0
95 122 8.0
95 123 9.0
95 124 4.0
96 97 4.0
96 98 0.0
96 99 7.0
96 100 9.0
96 101 4.0
96 102 3.0
96 103 5.0
96 104 6.0
96 105 7.0
96 106 6.0
96 107 9.0
96 108 2.0
96 109 5.0
96 110 0.0
96 111 9.0
96 112 5.0
96 113 9.0
96 114 3.0
96 115 7.0
96 116 2.0
96 117 9.0
96 118 6.0
96 119 5.0
96 120 9.0
96 121 6.0
96 122 3.0
96 123 4.0
96 124 0.0
97 98 6.0
97 99 1.0
97 100 9.0
97 101 7.0
97 102 0.0
97 103 4.0
97 104 1.0
97 105 7.0
97 106 1.0
97 107 5.0
97 108 9.0
97 109 7.0
97 110 0.0
97 111 6.0
97 112 3.0
97 113 9.0
97 114 9.0
97 115 9.0
97 116 6.0
97 117 3.0
97 118 4.0
97 119 8.0
97 120 3.0
97 121 8.0
97 122 2.0
97 123 8.0
97 124 5.0
98 99 9.0
98 100 5.0
98 101 9.0
98 102 4.0
98 103 3.0
98 104 3.0
98 105 8.0
98 106 1.0
98 107 5.0
98 108 5.0
98 109 0.0
98 110 1.0
98 111 9.0
98 112 5.0
98 113 4.0
98 114 9.0
98 115 3.0
98 116 0.0
98 117 2.0
98 118 7.0
98 119 6.0
98 120 1.0
98 121 2.0
98 122 2.0
98 123 4.0
98 124 1.0
99 100 3.0
99 101 0.0
99 102 5.0
99 103 6.0
99 104 9.0
99 105 4.0
99 106 6.0
99 107 3.0
99 108 7.0
99 109 4.0
99 110 0.0
99 111 0.0
99 112 3.0
99 113 1.0
99 114 0.0
99 115 9.0
99 116 3.0
99 117 8.0
99 118 8.0
99 119 8.0
99 120 0.0
99 121 3.0
99 122 5.0
99 123 5.0
99 124 7.0
100 101 6.0
100 102 0.0
100 103 0.0
100 104 9.0
100 105 8.0
100 106 6.0
100 107 6.0
100 108 1.0
100 109 4.0
100 110 8.0
100 111 9.0
100 112 7.0
100 113 7.0
100 114 1.0
100 115 3.0
100 116 8.0
100 117 2.0
100 118 5.0
100 119 7.0
100 120 2.0
100 121 7.0
100 122 4.0
100 123 9.0
100 124 3.0
101 102 4.0
101 103 6.0
101 104 9.0
101 105 0.0
101 106 0.0
101 107 9.0
101 108 0.0
101 109 8.0
101 110 3.0
101 111 5.0
101 112 6.0
101 113 3.0
101 114 9.0
101 115 3.0
101 116 7.0
101 117 8.0
101 118 9.0
101 119 6.0
101 120 5.0
101 121 3.0
101 122 0.0
101 123 3.0
101 124 7.0
102 103 5.0
102 104 6.0
102 105 2.0
102 106 3.0
102 107 1.0
102 108 6.0
102 109 9.0
102 110 6.0
102 111 9.0
102 112 2.0
102 113 0.0
102 114 5.0
102 115 3.0
102 116 4.0
102 117 5.0
102 118 3.0
102 119 6.0
102 120 2.0
102 121 4.0
102 122 7.0
102 123 2.0
102 124 3.0
103 104 5.0
103 105 4.0
103 106 5.0
103 107 0.0
103 108 4.0
103 109 1.0
103 110 5.0
103 111 3.0
103 112 7.0
103 113 0.0
103 114 4.0
103 115 5.0
103 116 8.0
103 117 9.0
103 118 5.0
103 119 2.0
103 120 2.0
103 121 2.0
103 122 8.0
103 123 3.0
103 124 5.0
104 105 1.0
104 106 5.0
104 107 9.0
104 108 4.0
104 109 5.0
104 110 8.0
104 111 3.0
104 112 4.0
104 113 4.0
104 114 1.0
104 115 8.0
104 116 5.0
104 117 7.0
104 118 0.0
104 119 8.0
104 120 4.0
104 121 5.0
104 122 5.0
104 123 5.0
104 124 3.0
105 106 8.0
105 107 4.0
105 108 0.0
105 109 1.0
105 110 8.0
105 111 4.0
105 112 0.0
105 113 3.0
105 114 5.0
105 115 3.0
105 116 1.0
105 117 9.0
105 118 7.0
105 119 6.0
105 120 4.0
105 121 0.0
105 122 2.0
105 123 5.0
105 124 9.0
106 107 1.0
106 108 2.0
106 109 6.0
106 110 7.0
106 111 9.0
106 112 1.0
106 113 3.0
106 114 7.0
106 115 7.0
106 116 1.0
106 117 1.0
106 118 7.0
106 119 9.0
106 120 4.0
106 121 3.0
106 122 7.0
106 123 9.0
106 124 5.0
107 108 6.0
107 109 7.0
107 110 2.0
107 111 9.0
107 112 1.0
107 113 4.0
107 114 3.0
107 115 1.0
107 116 6.0
107 117 6.0
107 118 3.0
107 119 1.0
107 120 8.0
107 121 1.0
107 122 2.0
107 123 6.0
107 124 3.0
108 109 3.0
108 110 3.0
108 111 8.0
108 112 9.0
108 113 4.0
108 114 5.0
108 115 2.0
108 116 5.0
108 117 9.0
108 118 3.0
108 119 0.0
108 120 7.0
108 121 5.0
108 122 3.0
108 123 1.0
108 124 1.0
109 110 1.0
109 111 2.0
109 112 1.0
109 113 2.0
109 114 9.0
109 115 6.0
109 116 0.0
109 117 3.0
109 118 3.0
109 119 4.0
109 120 2.0
109 121 3.0
109 122 7.0
109 123 4.0
109 124 0.0
110 111 4.0
110 112 4.0
110 113 6.0
110 114 9.0
110 115 3.0
110 116 0.0
110 117 3.0
110 118 6.0
110 119 2.0
110 120 7.0
110 121 5.0
110 122 7.0
110 123 8.0
110 124 7.0
111 112 4.0
111 113 3.0
111 114 9.0
111 115 8.0
111 116 1.0
111 117 7.0
111 118 7.0
111 119 1.0
111 120 0.0
111 121 5.0
111 122 6.0
111 123 7.0
111 124 5.0
112 113 0.0
112 114 9.0
112 115 7.0
112 116 9.0
112 117 9.0
112 118 2.0
112 119 6.0
112 120 2.0
112 121 4.0
112 122 1.0
112 123 3.0
112 124 2.0
113 114 2.0
113 115 8.0
113 116 9.0
113 117 6.0
113 118 8.0
113 119 8.0
113 120 1.0
113 121 7.0
113 122 2.0
113 123 5.0
113 124 0.0
114 115 5.0
114 116 2.0
114 117 1.0
114 118 0.0
114 119 2.0
114 120 2.0
114 121 3.0
114 122 9.0
114 123 2.0
114 124 4.0
115 116 3.0
115 117 4.0
115 118 8.0
115 119 8.0
115 120 1.0
115 121 7.0
115 122 6.0
115 123 4.0
115 124 5.0
116 117 2.0
116 118 2.0
116 119 6.0
116 120 7.0
116 121 2.0
116 122 1.0
116 123 5.0
116 124 8.0
117 118 9.0
117 119 5.0
117 120 3.0
117 121 3.0
117 122 0.0
117 123 8.0
117 124 0.0
118 119 5.0
118 120 1.0
118 121 9.0
118 122 3.0
118 123 4.0
118 124 7.0
119 120 7.0
119 121 6.0
119 122 4.0
119 123 9.0
119 124 4.0
120 121 0.0
120 122 0.0
120 123 0.0
120 124 6.0
121 122 9.0
121 123 3.0
121 124 5.0
122 123 2.0
122 124 2.0
123 124 9.0
